50.000000
47913140.000000
49.000000
47913308.000000
51.000000
47913464.000000
52.000000
47913632.000000
51.000000
47913792.000000
52.000000
47913952.000000
51.000000
47914160.000000
51.000000
47914320.000000
53.000000
47914484.000000
52.000000
47914640.000000
53.000000
47914800.000000
54.000000
47914968.000000
51.000000
47915180.000000
57.000000
47915344.000000
53.000000
47915508.000000
53.000000
47915672.000000
56.000000
47915828.000000
54.000000
47915988.000000
52.000000
47916204.000000
54.000000
47916360.000000
54.000000
47916520.000000
54.000000
47916680.000000
54.000000
47916840.000000
54.000000
47916996.000000
53.000000
47917200.000000
55.000000
47917368.000000
54.000000
47917532.000000
55.000000
47917684.000000
55.000000
47917836.000000
54.000000
47918000.000000
54.000000
47918208.000000
53.000000
47918368.000000
55.000000
47918528.000000
55.000000
47918684.000000
55.000000
47918848.000000
55.000000
47918992.000000
55.000000
47919200.000000
55.000000
47919360.000000
55.000000
47919504.000000
56.000000
47919648.000000
55.000000
47919804.000000
58.000000
47919968.000000
53.000000
47920184.000000
57.000000
47920352.000000
55.000000
47920516.000000
55.000000
47920680.000000
55.000000
47920832.000000
55.000000
47920992.000000
54.000000
47921204.000000
55.000000
47921368.000000
56.000000
47921532.000000
55.000000
47921692.000000
55.000000
47921852.000000
55.000000
47922016.000000
54.000000
47922224.000000
55.000000
47922372.000000
55.000000
47922532.000000
55.000000
47922692.000000
56.000000
47922860.000000
56.000000
47923020.000000
55.000000
47923232.000000
55.000000
47923396.000000
56.000000
47923560.000000
57.000000
47923716.000000
55.000000
47923876.000000
55.000000
47924044.000000
55.000000
47924252.000000
58.000000
47924412.000000
56.000000
47924568.000000
56.000000
47924720.000000
56.000000
47924876.000000
56.000000
47925036.000000
56.000000
47925248.000000
56.000000
47925412.000000
56.000000
47925576.000000
55.000000
47925728.000000
56.000000
47925888.000000
58.000000
47926052.000000
56.000000
47926264.000000
57.000000
47926420.000000
57.000000
47926584.000000
59.000000
47926752.000000
56.000000
47926916.000000
44.000000
47927120.000000
57.000000
47927280.000000
57.000000
47927448.000000
58.000000
47927612.000000
58.000000
47927780.000000
57.000000
47927944.000000
56.000000
47928160.000000
57.000000
47928324.000000
57.000000
47928488.000000
57.000000
47928656.000000
57.000000
47928816.000000
57.000000
47928980.000000
58.000000
47929192.000000
57.000000
47929348.000000
58.000000
47929504.000000
56.000000
47929672.000000
57.000000
47929832.000000
57.000000
47929976.000000
56.000000
47930192.000000
56.000000
47930356.000000
58.000000
47930504.000000
57.000000
47930664.000000
57.000000
47930816.000000
59.000000
47930980.000000
57.000000
47931184.000000
60.000000
47931348.000000
57.000000
47931500.000000
58.000000
47931656.000000
57.000000
47931808.000000
57.000000
47931980.000000
56.000000
47932188.000000
57.000000
47932348.000000
57.000000
47932508.000000
57.000000
47932664.000000
57.000000
47932836.000000
58.000000
47932996.000000
57.000000
47933212.000000
58.000000
47933380.000000
57.000000
47933536.000000
57.000000
47933700.000000
57.000000
47933864.000000
57.000000
47934024.000000
56.000000
47934240.000000
57.000000
47934384.000000
57.000000
47934548.000000
58.000000
47934700.000000
57.000000
47934860.000000
58.000000
47935024.000000
56.000000
47935232.000000
59.000000
47935400.000000
57.000000
47935564.000000
58.000000
47935732.000000
59.000000
47935892.000000
58.000000
47936056.000000
58.000000
47936272.000000
59.000000
47936432.000000
59.000000
47936580.000000
58.000000
47936744.000000
58.000000
47936896.000000
58.000000
47937060.000000
58.000000
47937276.000000
58.000000
47937416.000000
59.000000
47937580.000000
59.000000
47937740.000000
59.000000
47937904.000000
59.000000
47938064.000000
58.000000
47938272.000000
59.000000
47938436.000000
59.000000
47938596.000000
58.000000
47938756.000000
59.000000
47938912.000000
53.000000
47939124.000000
58.000000
47939288.000000
58.000000
47939452.000000
58.000000
47939620.000000
59.000000
47939776.000000
58.000000
47939944.000000
59.000000
47940148.000000
58.000000
47940312.000000
57.000000
47940472.000000
58.000000
47940632.000000
59.000000
47940796.000000
58.000000
47940948.000000
58.000000
47941160.000000
57.000000
47941320.000000
60.000000
47941472.000000
59.000000
47941640.000000
58.000000
47941800.000000
59.000000
47941960.000000
60.000000
47942160.000000
58.000000
47942328.000000
59.000000
47942488.000000
58.000000
47942652.000000
59.000000
47942816.000000
60.000000
47942980.000000
59.000000
47943188.000000
58.000000
47943356.000000
59.000000
47943520.000000
58.000000
47943676.000000
59.000000
47943836.000000
59.000000
47943996.000000
58.000000
47944208.000000
58.000000
47944364.000000
59.000000
47944528.000000
59.000000
47944696.000000
59.000000
47944860.000000
58.000000
47945028.000000
59.000000
47945236.000000
60.000000
47945400.000000
59.000000
47945564.000000
59.000000
47945728.000000
59.000000
47945896.000000
59.000000
47946048.000000
59.000000
47946264.000000
63.000000
47946424.000000
59.000000
47946588.000000
59.000000
47946748.000000
59.000000
47946904.000000
58.000000
47947056.000000
59.000000
47947272.000000
62.000000
47947428.000000
59.000000
47947592.000000
59.000000
47947756.000000
59.000000
47947916.000000
55.000000
47948124.000000
59.000000
47948284.000000
61.000000
47948448.000000
59.000000
47948608.000000
59.000000
47948776.000000
59.000000
47948936.000000
58.000000
47949140.000000
61.000000
47949296.000000
61.000000
47949464.000000
60.000000
47949624.000000
59.000000
47949784.000000
60.000000
47949948.000000
57.000000
47950156.000000
59.000000
47950320.000000
59.000000
47950484.000000
60.000000
47950644.000000
59.000000
47950796.000000
61.000000
47950960.000000
62.000000
47951168.000000
59.000000
47951332.000000
60.000000
47951488.000000
59.000000
47951652.000000
59.000000
47951816.000000
59.000000
47951984.000000
59.000000
47952184.000000
59.000000
47952344.000000
60.000000
47952504.000000
59.000000
47952668.000000
59.000000
47952832.000000
59.000000
47952996.000000
59.000000
47953208.000000
60.000000
47953380.000000
59.000000
47953536.000000
59.000000
47953700.000000
59.000000
47953860.000000
59.000000
47954024.000000
59.000000
47954232.000000
59.000000
47954404.000000
59.000000
47954564.000000
60.000000
47954732.000000
59.000000
47954892.000000
59.000000
47955056.000000
59.000000
47955268.000000
59.000000
47955436.000000
59.000000
47955592.000000
60.000000
47955756.000000
60.000000
47955920.000000
56.000000
47956128.000000
59.000000
47956284.000000
60.000000
47956452.000000
60.000000
47956612.000000
63.000000
47956776.000000
60.000000
47956928.000000
58.000000
47957140.000000
59.000000
47957300.000000
59.000000
47957460.000000
59.000000
47957616.000000
61.000000
47957776.000000
59.000000
47957944.000000
59.000000
47958160.000000
60.000000
47958328.000000
61.000000
47958480.000000
60.000000
47958644.000000
59.000000
47958804.000000
60.000000
47958960.000000
59.000000
47959172.000000
59.000000
47959336.000000
60.000000
47959500.000000
59.000000
47959652.000000
59.000000
47959816.000000
60.000000
47959980.000000
59.000000
47960196.000000
59.000000
47960360.000000
60.000000
47960520.000000
60.000000
47960684.000000
60.000000
47960848.000000
60.000000
47961012.000000
59.000000
47961220.000000
59.000000
47961376.000000
60.000000
47961532.000000
59.000000
47961692.000000
60.000000
47961848.000000
60.000000
47962012.000000
59.000000
47962232.000000
61.000000
47962384.000000
61.000000
47962544.000000
60.000000
47962704.000000
62.000000
47962868.000000
60.000000
47963032.000000
59.000000
47963248.000000
59.000000
47963404.000000
60.000000
47963568.000000
61.000000
47963736.000000
62.000000
47963904.000000
60.000000
47964060.000000
59.000000
47964264.000000
64.000000
47964424.000000
62.000000
47964588.000000
61.000000
47964744.000000
61.000000
47964904.000000
61.000000
47965060.000000
61.000000
47965268.000000
60.000000
47965428.000000
60.000000
47965580.000000
61.000000
47965736.000000
61.000000
47965896.000000
62.000000
47966060.000000
60.000000
47966288.000000
60.000000
47966444.000000
61.000000
47966604.000000
60.000000
47966772.000000
60.000000
47966940.000000
60.000000
47967156.000000
61.000000
47967316.000000
60.000000
47967468.000000
62.000000
47967628.000000
60.000000
47967792.000000
62.000000
47967956.000000
60.000000
47968168.000000
60.000000
47968324.000000
60.000000
47968484.000000
62.000000
47968632.000000
60.000000
47968800.000000
60.000000
47968964.000000
60.000000
47969172.000000
60.000000
47969332.000000
62.000000
47969500.000000
60.000000
47969660.000000
61.000000
47969820.000000
61.000000
47969984.000000
60.000000
47970196.000000
61.000000
47970360.000000
61.000000
47970520.000000
61.000000
47970680.000000
62.000000
47970844.000000
62.000000
47971008.000000
61.000000
47971220.000000
61.000000
47971380.000000
60.000000
47971544.000000
61.000000
47971708.000000
62.000000
47971868.000000
61.000000
47972024.000000
61.000000
47972236.000000
60.000000
47972388.000000
61.000000
47972544.000000
61.000000
47972700.000000
61.000000
47972860.000000
61.000000
47973024.000000
61.000000
47973236.000000
61.000000
47973396.000000
62.000000
47973552.000000
61.000000
47973712.000000
61.000000
47973860.000000
61.000000
47974024.000000
60.000000
47974240.000000
59.000000
47974396.000000
61.000000
47974560.000000
62.000000
47974720.000000
61.000000
47974876.000000
61.000000
47975044.000000
60.000000
47975260.000000
60.000000
47975412.000000
62.000000
47975576.000000
61.000000
47975740.000000
60.000000
47975904.000000
60.000000
47976064.000000
63.000000
47976272.000000
61.000000
47976436.000000
60.000000
47976588.000000
62.000000
47976748.000000
62.000000
47976912.000000
51.000000
47977120.000000
60.000000
47977284.000000
61.000000
47977444.000000
61.000000
47977608.000000
60.000000
47977772.000000
62.000000
47977928.000000
59.000000
47978148.000000
61.000000
47978312.000000
61.000000
47978472.000000
63.000000
47978640.000000
61.000000
47978792.000000
62.000000
47978944.000000
60.000000
47979160.000000
60.000000
47979320.000000
61.000000
47979480.000000
62.000000
47979624.000000
60.000000
47979784.000000
60.000000
47979952.000000
62.000000
47980160.000000
61.000000
47980308.000000
64.000000
47980468.000000
61.000000
47980628.000000
62.000000
47980788.000000
61.000000
47980948.000000
60.000000
47981164.000000
61.000000
47981324.000000
66.000000
47981488.000000
61.000000
47981648.000000
62.000000
47981804.000000
62.000000
47981956.000000
61.000000
47982168.000000
62.000000
47982332.000000
61.000000
47982500.000000
60.000000
47982656.000000
61.000000
47982824.000000
62.000000
47982984.000000
62.000000
47983180.000000
62.000000
47983344.000000
62.000000
47983508.000000
62.000000
47983672.000000
61.000000
47983832.000000
65.000000
47984004.000000
61.000000
47984204.000000
62.000000
47984368.000000
65.000000
47984524.000000
62.000000
47984680.000000
62.000000
47984840.000000
62.000000
47985004.000000
61.000000
47985212.000000
61.000000
47985368.000000
62.000000
47985516.000000
61.000000
47985680.000000
62.000000
47985840.000000
62.000000
47986000.000000
61.000000
47986216.000000
62.000000
47986368.000000
61.000000
47986532.000000
61.000000
47986692.000000
63.000000
47986852.000000
60.000000
47987024.000000
62.000000
47987232.000000
62.000000
47987388.000000
62.000000
47987548.000000
62.000000
47987712.000000
62.000000
47987876.000000
63.000000
47988036.000000
63.000000
47988252.000000
62.000000
47988420.000000
62.000000
47988580.000000
63.000000
47988732.000000
62.000000
47988896.000000
63.000000
47989048.000000
67.000000
47989260.000000
67.000000
47989428.000000
67.000000
47989588.000000
64.000000
47989756.000000
64.000000
47989916.000000
59.000000
47990128.000000
63.000000
47990296.000000
62.000000
47990464.000000
64.000000
47990620.000000
62.000000
47990792.000000
65.000000
47990944.000000
61.000000
47991152.000000
63.000000
47991312.000000
66.000000
47991468.000000
62.000000
47991628.000000
64.000000
47991792.000000
63.000000
47991956.000000
61.000000
47992156.000000
62.000000
47992316.000000
62.000000
47992468.000000
63.000000
47992620.000000
62.000000
47992780.000000
63.000000
47992936.000000
59.000000
47993144.000000
66.000000
47993308.000000
63.000000
47993468.000000
63.000000
47993620.000000
62.000000
47993784.000000
62.000000
47993944.000000
61.000000
47994140.000000
62.000000
47994296.000000
63.000000
47994464.000000
63.000000
47994628.000000
62.000000
47994788.000000
63.000000
47994948.000000
61.000000
47995160.000000
62.000000
47995324.000000
62.000000
47995488.000000
62.000000
47995648.000000
63.000000
47995816.000000
63.000000
47995984.000000
62.000000
47996184.000000
62.000000
47996348.000000
63.000000
47996512.000000
63.000000
47996668.000000
62.000000
47996828.000000
64.000000
47996988.000000
62.000000
47997196.000000
62.000000
47997368.000000
64.000000
47997528.000000
63.000000
47997680.000000
62.000000
47997848.000000
62.000000
47998004.000000
63.000000
47998220.000000
62.000000
47998372.000000
63.000000
47998540.000000
63.000000
47998700.000000
62.000000
47998860.000000
64.000000
47999012.000000
63.000000
47999216.000000
63.000000
47999380.000000
62.000000
47999548.000000
62.000000
47999712.000000
62.000000
47999872.000000
64.000000
48000036.000000
62.000000
48000248.000000
62.000000
48000404.000000
64.000000
48000556.000000
63.000000
48000708.000000
63.000000
48000872.000000
64.000000
48001032.000000
65.000000
48001244.000000
62.000000
48001404.000000
64.000000
48001568.000000
63.000000
48001740.000000
63.000000
48001892.000000
64.000000
48002044.000000
62.000000
48002236.000000
63.000000
48002392.000000
63.000000
48002556.000000
63.000000
48002716.000000
62.000000
48002872.000000
67.000000
48003020.000000
63.000000
48003232.000000
62.000000
48003400.000000
62.000000
48003552.000000
62.000000
48003716.000000
63.000000
48003880.000000
63.000000
48004036.000000
63.000000
48004244.000000
64.000000
48004404.000000
62.000000
48004572.000000
62.000000
48004728.000000
64.000000
48004884.000000
64.000000
48005040.000000
63.000000
48005256.000000
64.000000
48005412.000000
62.000000
48005572.000000
63.000000
48005732.000000
63.000000
48005884.000000
62.000000
48006048.000000
63.000000
48006256.000000
64.000000
48006404.000000
63.000000
48006560.000000
64.000000
48006720.000000
62.000000
48006876.000000
64.000000
48007036.000000
63.000000
48007244.000000
62.000000
48007408.000000
63.000000
48007568.000000
64.000000
48007716.000000
63.000000
48007872.000000
64.000000
48008028.000000
63.000000
48008244.000000
62.000000
48008396.000000
63.000000
48008552.000000
63.000000
48008712.000000
64.000000
48008868.000000
64.000000
48009032.000000
63.000000
48009236.000000
63.000000
48009392.000000
63.000000
48009560.000000
64.000000
48009728.000000
63.000000
48009892.000000
63.000000
48010064.000000
62.000000
48010280.000000
64.000000
48010440.000000
64.000000
48010600.000000
62.000000
48010768.000000
66.000000
48010932.000000
61.000000
48011140.000000
62.000000
48011304.000000
64.000000
48011456.000000
64.000000
48011624.000000
64.000000
48011788.000000
66.000000
48011936.000000
64.000000
48012148.000000
64.000000
48012308.000000
64.000000
48012476.000000
64.000000
48012620.000000
63.000000
48012780.000000
64.000000
48012952.000000
63.000000
48013168.000000
63.000000
48013328.000000
66.000000
48013480.000000
63.000000
48013632.000000
65.000000
48013792.000000
64.000000
48013948.000000
62.000000
48014144.000000
64.000000
48014300.000000
64.000000
48014460.000000
63.000000
48014628.000000
64.000000
48014788.000000
64.000000
48014948.000000
62.000000
48015164.000000
64.000000
48015328.000000
64.000000
48015484.000000
63.000000
48015640.000000
63.000000
48015804.000000
64.000000
48015968.000000
62.000000
48016184.000000
63.000000
48016348.000000
64.000000
48016504.000000
64.000000
48016672.000000
64.000000
48016836.000000
64.000000
48016996.000000
63.000000
48017212.000000
64.000000
48017364.000000
64.000000
48017528.000000
64.000000
48017680.000000
64.000000
48017844.000000
64.000000
48018004.000000
64.000000
48018204.000000
63.000000
48018364.000000
63.000000
48018524.000000
64.000000
48018688.000000
64.000000
48018844.000000
64.000000
48019004.000000
62.000000
48019212.000000
63.000000
48019380.000000
64.000000
48019552.000000
63.000000
48019708.000000
63.000000
48019868.000000
64.000000
48020024.000000
64.000000
48020240.000000
64.000000
48020396.000000
64.000000
48020560.000000
64.000000
48020720.000000
64.000000
48020872.000000
64.000000
48021032.000000
63.000000
48021240.000000
64.000000
48021404.000000
63.000000
48021564.000000
64.000000
48021724.000000
63.000000
48021888.000000
64.000000
48022048.000000
63.000000
48022256.000000
64.000000
48022416.000000
64.000000
48022584.000000
64.000000
48022728.000000
64.000000
48022892.000000
64.000000
48023060.000000
64.000000
48023268.000000
65.000000
48023428.000000
63.000000
48023584.000000
67.000000
48023752.000000
64.000000
48023908.000000
57.000000
48024124.000000
63.000000
48024284.000000
64.000000
48024444.000000
64.000000
48024608.000000
66.000000
48024772.000000
64.000000
48024936.000000
63.000000
48025156.000000
63.000000
48025316.000000
63.000000
48025484.000000
64.000000
48025644.000000
64.000000
48025804.000000
65.000000
48025960.000000
63.000000
48026168.000000
66.000000
48026328.000000
64.000000
48026492.000000
64.000000
48026656.000000
64.000000
48026808.000000
64.000000
48026972.000000
64.000000
48027188.000000
64.000000
48027352.000000
65.000000
48027512.000000
64.000000
48027668.000000
64.000000
48027832.000000
64.000000
48027976.000000
64.000000
48028188.000000
64.000000
48028336.000000
65.000000
48028492.000000
64.000000
48028656.000000
65.000000
48028816.000000
64.000000
48028980.000000
63.000000
48029192.000000
64.000000
48029352.000000
66.000000
48029512.000000
64.000000
48029676.000000
64.000000
48029836.000000
65.000000
48030000.000000
63.000000
48030208.000000
63.000000
48030372.000000
63.000000
48030540.000000
64.000000
48030708.000000
64.000000
48030872.000000
65.000000
48031028.000000
64.000000
48031232.000000
64.000000
48031384.000000
65.000000
48031548.000000
64.000000
48031708.000000
64.000000
48031880.000000
66.000000
48032048.000000
64.000000
48032272.000000
64.000000
48032428.000000
64.000000
48032592.000000
64.000000
48032760.000000
64.000000
48032928.000000
62.000000
48033136.000000
63.000000
48033288.000000
64.000000
48033448.000000
66.000000
48033604.000000
64.000000
48033764.000000
64.000000
48033924.000000
62.000000
48034140.000000
64.000000
48034300.000000
64.000000
48034456.000000
64.000000
48034620.000000
64.000000
48034780.000000
64.000000
48034932.000000
63.000000
48035144.000000
64.000000
48035320.000000
65.000000
48035476.000000
64.000000
48035636.000000
64.000000
48035796.000000
66.000000
48035956.000000
63.000000
48036164.000000
63.000000
48036320.000000
64.000000
48036472.000000
65.000000
48036632.000000
65.000000
48036788.000000
64.000000
48036952.000000
64.000000
48037172.000000
64.000000
48037336.000000
64.000000
48037496.000000
64.000000
48037660.000000
65.000000
48037820.000000
66.000000
48037976.000000
64.000000
48038180.000000
64.000000
48038344.000000
65.000000
48038508.000000
64.000000
48038664.000000
64.000000
48038824.000000
65.000000
48038992.000000
64.000000
48039208.000000
64.000000
48039368.000000
64.000000
48039532.000000
68.000000
48039692.000000
64.000000
48039860.000000
64.000000
48040028.000000
64.000000
48040228.000000
64.000000
48040392.000000
65.000000
48040552.000000
65.000000
48040716.000000
65.000000
48040876.000000
65.000000
48041032.000000
64.000000
48041240.000000
64.000000
48041404.000000
64.000000
48041552.000000
64.000000
48041720.000000
64.000000
48041884.000000
65.000000
48042040.000000
63.000000
48042264.000000
64.000000
48042416.000000
66.000000
48042576.000000
65.000000
48042748.000000
64.000000
48042904.000000
65.000000
48043056.000000
64.000000
48043264.000000
65.000000
48043420.000000
65.000000
48043588.000000
64.000000
48043748.000000
64.000000
48043912.000000
61.000000
48044128.000000
64.000000
48044288.000000
65.000000
48044456.000000
67.000000
48044604.000000
65.000000
48044772.000000
66.000000
48044928.000000
62.000000
48045136.000000
64.000000
48045296.000000
65.000000
48045456.000000
65.000000
48045612.000000
65.000000
48045780.000000
68.000000
48045940.000000
62.000000
48046160.000000
64.000000
48046328.000000
65.000000
48046492.000000
65.000000
48046664.000000
65.000000
48046820.000000
65.000000
48046980.000000
64.000000
48047196.000000
65.000000
48047360.000000
65.000000
48047520.000000
65.000000
48047672.000000
64.000000
48047836.000000
66.000000
48048004.000000
65.000000
48048212.000000
64.000000
48048372.000000
65.000000
48048540.000000
65.000000
48048704.000000
65.000000
48048860.000000
66.000000
48049028.000000
65.000000
48049236.000000
65.000000
48049396.000000
65.000000
48049556.000000
66.000000
48049716.000000
65.000000
48049872.000000
65.000000
48050036.000000
65.000000
48050244.000000
65.000000
48050404.000000
65.000000
48050564.000000
64.000000
48050728.000000
65.000000
48050888.000000
65.000000
48051048.000000
64.000000
48051264.000000
64.000000
48051424.000000
65.000000
48051584.000000
65.000000
48051736.000000
63.000000
48051896.000000
65.000000
48052056.000000
63.000000
48052268.000000
64.000000
48052424.000000
64.000000
48052572.000000
65.000000
48052736.000000
65.000000
48052900.000000
65.000000
48053060.000000
64.000000
48053272.000000
67.000000
48053440.000000
66.000000
48053604.000000
65.000000
48053768.000000
64.000000
48053932.000000
62.000000
48054132.000000
65.000000
48054300.000000
65.000000
48054460.000000
64.000000
48054616.000000
64.000000
48054780.000000
67.000000
48054944.000000
64.000000
48055156.000000
65.000000
48055324.000000
65.000000
48055488.000000
65.000000
48055648.000000
65.000000
48055812.000000
66.000000
48055964.000000
64.000000
48056180.000000
64.000000
48056340.000000
64.000000
48056500.000000
64.000000
48056660.000000
66.000000
48056824.000000
64.000000
48056984.000000
65.000000
48057192.000000
64.000000
48057348.000000
65.000000
48057508.000000
67.000000
48057672.000000
65.000000
48057832.000000
64.000000
48058000.000000
64.000000
48058212.000000
65.000000
48058368.000000
65.000000
48058532.000000
65.000000
48058696.000000
65.000000
48058864.000000
66.000000
48059028.000000
65.000000
48059236.000000
64.000000
48059404.000000
65.000000
48059564.000000
66.000000
48059728.000000
65.000000
48059892.000000
66.000000
48060056.000000
66.000000
48060268.000000
64.000000
48060424.000000
64.000000
48060592.000000
65.000000
48060752.000000
64.000000
48060916.000000
60.000000
48061128.000000
64.000000
48061292.000000
64.000000
48061456.000000
64.000000
48061620.000000
65.000000
48061776.000000
66.000000
48061940.000000
63.000000
48062148.000000
65.000000
48062312.000000
64.000000
48062476.000000
65.000000
48062636.000000
66.000000
48062792.000000
65.000000
48062952.000000
64.000000
48063176.000000
63.000000
48063336.000000
65.000000
48063508.000000
64.000000
48063660.000000
64.000000
48063820.000000
65.000000
48063984.000000
63.000000
48064192.000000
69.000000
48064344.000000
64.000000
48064500.000000
65.000000
48064656.000000
66.000000
48064820.000000
65.000000
48064984.000000
65.000000
48065192.000000
65.000000
48065348.000000
67.000000
48065508.000000
66.000000
48065668.000000
65.000000
48065832.000000
66.000000
48065996.000000
64.000000
48066200.000000
65.000000
48066356.000000
66.000000
48066524.000000
65.000000
48066680.000000
65.000000
48066840.000000
64.000000
48067008.000000
64.000000
48067216.000000
66.000000
48067384.000000
65.000000
48067540.000000
66.000000
48067704.000000
65.000000
48067860.000000
66.000000
48068024.000000
65.000000
48068232.000000
64.000000
48068396.000000
65.000000
48068560.000000
68.000000
48068720.000000
66.000000
48068880.000000
65.000000
48069040.000000
65.000000
48069248.000000
64.000000
48069404.000000
66.000000
48069564.000000
66.000000
48069728.000000
65.000000
48069888.000000
66.000000
48070044.000000
66.000000
48070268.000000
66.000000
48070420.000000
65.000000
48070584.000000
66.000000
48070748.000000
65.000000
48070896.000000
65.000000
48071060.000000
64.000000
48071276.000000
66.000000
48071440.000000
64.000000
48071596.000000
66.000000
48071760.000000
66.000000
48071920.000000
62.000000
48072132.000000
64.000000
48072304.000000
68.000000
48072444.000000
65.000000
48072600.000000
65.000000
48072760.000000
65.000000
48072920.000000
60.000000
48073128.000000
65.000000
48073288.000000
67.000000
48073456.000000
66.000000
48073616.000000
65.000000
48073780.000000
66.000000
48073940.000000
63.000000
48074156.000000
64.000000
48074316.000000
66.000000
48074476.000000
66.000000
48074644.000000
65.000000
48074796.000000
67.000000
48074944.000000
64.000000
48075156.000000
66.000000
48075312.000000
67.000000
48075480.000000
65.000000
48075640.000000
70.000000
48075804.000000
65.000000
48075964.000000
65.000000
48076172.000000
65.000000
48076332.000000
65.000000
48076488.000000
66.000000
48076648.000000
64.000000
48076804.000000
66.000000
48076976.000000
64.000000
48077184.000000
65.000000
48077352.000000
67.000000
48077516.000000
66.000000
48077676.000000
65.000000
48077844.000000
68.000000
48078008.000000
64.000000
48078216.000000
66.000000
48078376.000000
66.000000
48078536.000000
66.000000
48078696.000000
66.000000
48078856.000000
68.000000
48079024.000000
65.000000
48079240.000000
65.000000
48079384.000000
66.000000
48079544.000000
69.000000
48079704.000000
65.000000
48079860.000000
66.000000
48080020.000000
65.000000
48080228.000000
64.000000
48080396.000000
66.000000
48080564.000000
65.000000
48080712.000000
66.000000
48080872.000000
65.000000
48081028.000000
66.000000
48081244.000000
65.000000
48081404.000000
65.000000
48081568.000000
65.000000
48081724.000000
65.000000
48081892.000000
66.000000
48082048.000000
