32.252994
39.000000
5.878829
39.000000
16.141127
39.000000
240.379461
39.000000
19.853170
39.000000
1.657281
39.000000
31.342532
40.000000
3.189611
40.000000
15.763650
40.000000
242.442583
40.000000
19.828109
40.000000
1.647905
40.000000
31.479765
41.000000
3.192254
41.000000
18.080953
41.000000
240.450053
41.000000
19.660775
41.000000
1.649183
41.000000
31.255417
43.000000
3.216863
43.000000
15.584457
43.000000
241.381767
43.000000
19.763139
43.000000
1.667644
43.000000
31.030526
43.000000
3.185949
43.000000
15.324449
43.000000
296.291590
43.000000
19.759479
43.000000
1.644707
43.000000
31.078449
41.000000
3.222710
41.000000
15.215604
41.000000
249.768134
41.000000
19.682960
41.000000
1.652285
41.000000
31.032520
43.000000
3.202115
43.000000
16.129105
43.000000
241.929792
43.000000
19.754704
43.000000
1.645133
43.000000
31.099464
43.000000
3.233018
43.000000
16.436531
43.000000
288.991946
43.000000
19.659829
43.000000
1.661344
43.000000
31.225138
40.000000
3.251872
40.000000
15.905287
40.000000
244.458203
40.000000
19.786443
40.000000
1.646490
40.000000
31.055409
44.000000
3.185429
44.000000
16.643402
44.000000
246.285112
44.000000
19.663796
44.000000
1.667328
44.000000
30.862648
43.000000
3.245062
43.000000
15.014614
43.000000
296.671400
43.000000
19.914981
43.000000
1.668376
43.000000
31.242014
42.000000
3.279635
42.000000
15.443175
42.000000
232.702490
42.000000
19.488636
42.000000
1.665759
42.000000
31.455332
41.000000
3.208457
41.000000
17.987539
41.000000
246.415221
41.000000
19.852276
41.000000
1.673806
41.000000
31.101409
44.000000
3.175713
44.000000
15.848156
44.000000
309.020938
44.000000
19.616471
44.000000
1.657467
44.000000
31.017145
42.000000
3.220157
42.000000
16.665064
42.000000
245.570514
42.000000
19.723420
42.000000
1.639797
42.000000
31.302883
43.000000
3.169327
43.000000
16.168677
43.000000
244.306740
43.000000
19.445475
43.000000
1.658297
43.000000
31.242596
43.000000
3.242856
43.000000
16.430883
43.000000
291.996323
43.000000
19.788667
43.000000
1.685738
43.000000
31.263158
43.000000
3.195302
43.000000
16.424037
43.000000
235.797880
43.000000
19.727778
43.000000
1.651690
43.000000
31.482069
43.000000
3.221728
43.000000
16.258902
43.000000
231.540357
43.000000
19.645231
43.000000
1.663928
43.000000
31.997865
41.000000
3.217882
41.000000
15.608946
41.000000
286.240043
41.000000
19.839286
41.000000
1.655029
41.000000
31.099660
41.000000
3.213886
41.000000
16.312677
41.000000
248.785647
41.000000
19.846491
41.000000
1.664540
41.000000
31.225215
43.000000
3.183960
43.000000
16.538923
43.000000
242.994606
43.000000
19.409630
43.000000
1.650606
43.000000
31.415859
43.000000
3.235316
43.000000
16.604758
43.000000
291.194941
43.000000
19.904965
43.000000
1.659738
43.000000
31.019860
41.000000
3.190319
41.000000
16.204283
41.000000
250.686373
41.000000
19.730085
41.000000
1.687625
41.000000
31.077306
44.000000
3.196038
44.000000
15.781735
44.000000
242.094084
44.000000
19.692381
44.000000
1.676450
44.000000
31.388081
41.000000
3.203021
41.000000
16.448053
41.000000
280.711578
41.000000
19.828851
41.000000
1.651729
41.000000
31.287519
42.000000
3.265001
42.000000
16.349323
42.000000
218.259606
42.000000
19.463266
42.000000
1.664181
42.000000
31.823383
45.000000
3.238835
45.000000
16.123415
45.000000
240.924512
45.000000
19.501344
45.000000
1.635425
45.000000
31.132689
43.000000
3.204638
43.000000
16.087146
43.000000
293.887234
43.000000
19.880891
43.000000
1.653594
43.000000
31.552973
41.000000
3.227649
41.000000
16.470524
41.000000
236.535741
41.000000
19.940295
41.000000
1.654991
41.000000
30.915090
43.000000
3.177260
43.000000
16.812682
43.000000
233.692028
43.000000
19.716262
43.000000
1.641529
43.000000
30.876927
42.000000
3.214092
42.000000
16.779167
42.000000
275.607624
42.000000
19.827901
42.000000
1.650410
42.000000
31.292151
41.000000
3.171585
41.000000
15.575029
41.000000
251.238162
41.000000
19.842993
41.000000
1.646294
41.000000
31.482577
45.000000
3.226293
45.000000
16.374434
45.000000
240.335306
45.000000
19.859349
45.000000
1.653327
45.000000
31.029756
44.000000
3.197514
44.000000
15.558164
44.000000
280.569377
44.000000
19.373463
44.000000
1.659002
44.000000
31.294422
42.000000
3.180540
42.000000
16.503732
42.000000
231.015695
42.000000
19.639122
42.000000
1.673303
42.000000
31.311607
44.000000
3.220431
44.000000
15.317295
44.000000
252.760495
44.000000
19.783115
44.000000
1.646780
44.000000
31.359217
42.000000
3.149442
42.000000
16.122685
42.000000
290.518701
42.000000
19.589888
42.000000
1.645657
42.000000
31.375723
41.000000
3.202522
41.000000
16.057053
41.000000
231.024106
41.000000
19.877244
41.000000
1.676010
41.000000
31.544344
43.000000
3.198096
43.000000
16.552783
43.000000
234.055709
43.000000
20.030107
43.000000
1.663204
43.000000
31.462441
42.000000
3.193521
42.000000
16.315306
42.000000
294.454083
42.000000
19.485606
42.000000
1.675092
42.000000
31.494907
42.000000
3.195892
42.000000
15.820373
42.000000
247.526688
42.000000
19.872304
42.000000
1.665877
42.000000
31.342151
41.000000
3.212119
41.000000
15.178126
41.000000
246.742853
41.000000
19.718503
41.000000
1.636828
41.000000
83.070898
39.000000
3.168802
39.000000
16.046807
39.000000
235.776497
39.000000
19.626656
39.000000
1.639392
39.000000
31.488157
45.000000
3.149958
45.000000
15.933601
45.000000
236.912636
45.000000
19.625210
45.000000
1.662734
45.000000
31.268733
44.000000
3.217483
44.000000
15.968732
44.000000
242.843168
44.000000
19.817034
44.000000
1.652824
44.000000
79.747056
41.000000
3.162301
41.000000
16.438725
41.000000
232.858115
41.000000
19.534163
41.000000
1.662700
41.000000
31.536638
43.000000
3.219189
43.000000
15.299889
43.000000
232.411381
43.000000
19.814174
43.000000
1.689767
43.000000
31.057674
43.000000
3.186523
43.000000
16.215658
43.000000
237.735810
43.000000
19.729893
43.000000
1.643263
43.000000
83.427818
40.000000
3.127740
40.000000
15.606856
40.000000
236.003474
40.000000
19.697165
40.000000
1.652451
40.000000
31.364189
42.000000
3.250902
42.000000
16.871589
42.000000
226.236027
42.000000
19.693991
42.000000
1.664488
42.000000
31.468546
44.000000
3.171008
44.000000
16.402795
44.000000
238.441428
44.000000
19.649163
44.000000
1.661590
44.000000
79.820092
40.000000
3.180330
40.000000
16.584863
40.000000
240.646807
40.000000
19.762196
40.000000
1.668181
40.000000
31.239221
43.000000
3.228785
43.000000
15.970490
43.000000
245.245711
43.000000
19.584412
43.000000
1.691517
43.000000
31.467822
43.000000
3.316062
43.000000
16.147498
43.000000
244.279779
43.000000
19.587198
43.000000
1.647739
43.000000
79.554175
41.000000
3.214245
41.000000
15.133835
41.000000
212.389594
41.000000
19.990258
41.000000
1.655318
41.000000
31.401710
45.000000
3.190423
45.000000
15.931257
45.000000
239.024008
45.000000
19.480735
45.000000
1.650241
45.000000
31.150390
45.000000
3.209925
45.000000
16.591167
45.000000
241.726575
45.000000
19.714665
45.000000
1.647401
45.000000
83.439630
41.000000
3.183954
41.000000
16.112320
41.000000
241.607304
41.000000
19.631932
41.000000
1.655859
41.000000
31.146254
41.000000
3.243610
41.000000
15.196168
41.000000
236.591726
41.000000
19.800854
41.000000
1.651506
41.000000
31.304425
44.000000
3.187310
44.000000
14.284526
44.000000
244.101853
44.000000
19.815113
44.000000
1.654773
44.000000
79.423255
40.000000
3.168309
40.000000
15.731155
40.000000
236.753721
40.000000
19.717356
40.000000
1.638881
40.000000
31.074673
41.000000
3.261085
41.000000
16.078797
41.000000
234.947645
41.000000
19.557217
41.000000
1.682970
41.000000
31.026870
45.000000
3.192308
45.000000
16.867749
45.000000
230.746039
45.000000
19.772489
45.000000
1.647370
45.000000
63.258461
41.000000
3.244205
41.000000
16.070686
41.000000
238.736066
41.000000
19.646172
41.000000
1.646196
41.000000
31.280069
42.000000
3.182212
42.000000
16.186835
42.000000
239.774004
42.000000
19.763194
42.000000
1.658472
42.000000
31.011678
47.000000
3.202478
47.000000
15.578392
47.000000
233.024503
47.000000
19.842447
47.000000
1.657262
47.000000
79.434875
41.000000
3.203121
41.000000
16.488927
41.000000
226.687878
41.000000
19.720179
41.000000
1.658882
41.000000
31.333768
42.000000
3.191899
42.000000
16.718683
42.000000
241.048812
42.000000
19.648301
42.000000
1.659437
42.000000
30.930973
45.000000
3.186809
45.000000
14.585463
45.000000
232.943999
45.000000
19.661168
45.000000
1.646760
45.000000
79.396667
43.000000
3.196747
43.000000
16.937845
43.000000
239.360690
43.000000
19.785776
43.000000
1.682579
43.000000
30.882896
43.000000
3.212035
43.000000
16.422696
43.000000
233.916722
43.000000
19.646628
43.000000
1.662888
43.000000
31.042627
45.000000
3.224332
45.000000
16.073850
45.000000
240.640427
45.000000
19.681248
45.000000
53.794630
45.000000
31.307680
44.000000
3.228559
44.000000
16.121125
44.000000
242.432486
44.000000
19.706436
44.000000
1.644505
44.000000
30.895477
43.000000
3.177465
43.000000
15.834510
43.000000
221.782703
43.000000
20.056004
43.000000
1.641623
43.000000
31.403098
45.000000
3.201477
45.000000
16.691670
45.000000
238.351396
45.000000
19.465073
45.000000
1.647245
45.000000
79.087289
41.000000
3.260419
41.000000
15.310038
41.000000
239.438359
41.000000
19.693972
41.000000
1.657138
41.000000
31.271696
43.000000
3.193829
43.000000
15.535375
43.000000
213.490846
43.000000
19.859644
43.000000
1.661104
43.000000
30.926402
43.000000
3.243996
43.000000
16.480564
43.000000
236.592989
43.000000
19.619489
43.000000
1.659252
43.000000
83.668322
41.000000
3.311422
41.000000
15.955884
41.000000
227.686382
41.000000
19.885154
41.000000
1.642961
41.000000
31.067879
43.000000
3.206102
43.000000
15.537035
43.000000
237.653208
43.000000
19.952182
43.000000
1.648661
43.000000
31.346487
44.000000
3.212432
44.000000
16.752393
44.000000
243.463590
44.000000
19.572002
44.000000
1.654433
44.000000
79.336833
41.000000
3.199045
41.000000
14.831847
41.000000
243.171323
41.000000
19.509781
41.000000
1.658080
41.000000
31.514983
43.000000
3.185787
43.000000
15.657755
43.000000
238.903398
43.000000
19.342505
43.000000
1.647280
43.000000
31.608502
44.000000
3.180765
44.000000
17.079840
44.000000
243.473995
44.000000
19.656120
44.000000
1.647253
44.000000
79.311551
41.000000
3.234561
41.000000
16.603240
41.000000
246.712802
41.000000
20.050394
41.000000
1.673249
41.000000
31.182774
41.000000
3.252876
41.000000
15.551892
41.000000
251.253320
41.000000
19.687516
41.000000
1.659687
41.000000
31.450160
42.000000
3.174767
42.000000
16.361111
42.000000
285.548562
42.000000
19.801588
42.000000
1.656894
42.000000
31.397317
42.000000
3.227732
42.000000
16.197824
42.000000
239.730912
42.000000
19.724520
42.000000
1.666581
42.000000
31.930295
43.000000
3.152615
43.000000
15.999478
43.000000
234.514793
43.000000
19.824201
43.000000
1.651173
43.000000
31.113010
46.000000
3.168647
46.000000
16.558155
46.000000
275.393462
46.000000
19.814974
46.000000
1.641756
46.000000
30.802969
44.000000
3.257192
44.000000
15.652230
44.000000
243.840230
44.000000
19.812656
44.000000
1.671409
44.000000
31.448195
43.000000
3.179458
43.000000
16.546156
43.000000
232.209229
43.000000
19.252088
43.000000
1.657521
43.000000
31.066801
43.000000
3.221832
43.000000
15.562051
43.000000
281.251391
43.000000
19.307199
43.000000
1.671311
43.000000
31.484138
43.000000
3.200449
43.000000
16.290152
43.000000
232.417237
43.000000
19.859699
43.000000
1.657696
43.000000
31.337244
41.000000
3.256259
41.000000
15.763519
41.000000
251.177884
41.000000
19.597252
41.000000
1.655155
41.000000
31.041975
41.000000
3.192406
41.000000
16.849189
41.000000
280.664046
41.000000
19.900543
41.000000
1.642588
41.000000
31.627631
43.000000
3.187783
43.000000
16.242326
43.000000
230.987616
43.000000
19.550435
43.000000
1.650002
43.000000
31.616898
43.000000
3.192726
43.000000
15.603358
43.000000
242.069405
43.000000
19.704984
43.000000
1.665898
43.000000
31.077142
43.000000
3.197078
43.000000
14.644469
43.000000
302.288564
43.000000
19.556315
43.000000
1.651572
43.000000
31.166974
43.000000
3.185332
43.000000
15.774800
43.000000
249.174054
43.000000
19.576497
43.000000
1.652866
43.000000
31.259270
44.000000
3.171254
44.000000
17.439004
44.000000
248.118369
44.000000
19.741178
44.000000
1.645825
44.000000
31.215611
43.000000
3.159111
43.000000
15.434223
43.000000
286.951476
43.000000
19.725493
43.000000
1.639906
43.000000
31.270598
43.000000
3.239994
43.000000
15.335347
43.000000
229.283180
43.000000
19.873153
43.000000
1.655341
43.000000
31.400876
44.000000
3.195643
44.000000
15.864129
44.000000
229.824473
44.000000
19.596992
44.000000
1.657090
44.000000
31.388509
43.000000
3.163579
43.000000
16.146163
43.000000
285.835875
43.000000
19.337193
43.000000
1.642746
43.000000
31.623074
43.000000
3.164591
43.000000
17.708333
43.000000
234.450944
43.000000
19.693515
43.000000
1.638029
43.000000
31.256127
41.000000
3.205751
41.000000
15.829121
41.000000
232.958373
41.000000
19.973558
41.000000
1.655054
41.000000
31.417064
44.000000
3.149816
44.000000
16.461811
44.000000
299.693401
44.000000
19.832647
44.000000
1.641947
44.000000
31.385701
44.000000
3.238767
44.000000
16.585710
44.000000
249.786158
44.000000
19.795779
44.000000
1.634025
44.000000
31.149826
45.000000
3.210474
45.000000
15.474126
45.000000
232.498717
45.000000
19.650360
45.000000
1.668901
45.000000
31.056856
43.000000
3.186216
43.000000
16.236935
43.000000
284.549169
43.000000
19.840853
43.000000
1.647503
43.000000
31.381481
43.000000
3.233486
43.000000
16.067581
43.000000
248.102742
43.000000
19.903048
43.000000
1.653154
43.000000
31.266663
43.000000
3.258015
43.000000
16.335688
43.000000
233.858479
43.000000
19.654945
43.000000
1.643377
43.000000
31.278817
43.000000
3.206916
43.000000
16.803992
43.000000
282.690068
43.000000
19.636504
43.000000
1.656852
43.000000
31.003881
43.000000
3.258373
43.000000
16.587327
43.000000
235.202913
43.000000
19.760691
43.000000
1.668703
43.000000
31.502175
45.000000
3.172928
45.000000
16.301515
45.000000
250.550749
45.000000
19.723984
45.000000
1.658207
45.000000
31.203431
42.000000
3.165128
42.000000
16.372194
42.000000
282.709568
42.000000
19.715537
42.000000
1.665287
42.000000
32.223549
43.000000
3.223388
43.000000
17.033624
43.000000
229.677567
43.000000
19.793450
43.000000
1.662480
43.000000
30.982796
43.000000
3.250548
43.000000
15.881191
43.000000
239.213851
43.000000
19.798106
43.000000
1.667868
43.000000
30.974241
44.000000
3.272339
44.000000
15.952634
44.000000
294.329217
44.000000
20.108664
44.000000
1.650771
44.000000
31.476230
44.000000
3.306442
44.000000
14.831730
44.000000
232.441383
44.000000
19.445355
44.000000
1.656828
44.000000
31.438048
45.000000
3.195434
45.000000
15.734488
45.000000
234.309946
45.000000
19.727445
45.000000
1.671025
45.000000
31.478214
44.000000
3.175193
44.000000
16.525087
44.000000
302.136172
44.000000
19.882261
44.000000
1.662954
44.000000
31.417052
46.000000
3.182893
46.000000
15.563125
46.000000
249.509828
46.000000
19.712950
46.000000
1.647248
46.000000
30.936555
42.000000
3.187007
42.000000
15.847732
42.000000
250.200784
42.000000
19.335302
42.000000
1.662895
42.000000
30.866143
43.000000
3.206494
43.000000
15.464532
43.000000
272.690509
43.000000
19.543305
43.000000
1.668246
43.000000
30.979533
45.000000
3.210872
45.000000
16.215769
45.000000
239.378378
45.000000
19.863167
45.000000
1.653794
45.000000
31.000924
45.000000
3.216891
45.000000
17.474603
45.000000
236.451410
45.000000
19.958568
45.000000
1.667615
45.000000
31.163273
45.000000
3.180276
45.000000
16.891749
45.000000
295.223861
45.000000
19.842014
45.000000
1.654864
45.000000
30.950291
43.000000
3.217140
43.000000
15.966877
43.000000
246.576554
43.000000
19.712532
43.000000
1.653436
43.000000
31.444421
43.000000
3.233134
43.000000
15.136625
43.000000
243.601348
43.000000
19.651122
43.000000
1.644062
43.000000
31.312909
43.000000
3.225325
43.000000
16.019050
43.000000
294.803944
43.000000
19.523011
43.000000
1.661222
43.000000
30.956875
44.000000
3.178841
44.000000
16.225356
44.000000
241.940520
44.000000
19.655103
44.000000
1.648123
44.000000
31.396457
45.000000
3.179205
45.000000
16.381885
45.000000
234.450701
45.000000
19.837981
45.000000
1.643412
45.000000
31.163422
45.000000
3.198193
45.000000
15.515612
45.000000
287.085537
45.000000
19.664493
45.000000
1.657047
45.000000
31.188625
43.000000
3.208518
43.000000
15.795632
43.000000
226.268508
43.000000
19.608877
43.000000
1.646652
43.000000
31.412539
45.000000
3.248835
45.000000
16.836817
45.000000
239.882620
45.000000
19.146202
45.000000
1.645885
45.000000
31.076723
43.000000
3.216873
43.000000
16.210395
43.000000
289.589531
43.000000
19.749381
43.000000
1.641185
43.000000
31.376143
45.000000
3.213796
45.000000
16.096685
45.000000
215.491601
45.000000
19.475402
45.000000
1.655513
45.000000
31.545195
45.000000
3.222857
45.000000
15.882599
45.000000
226.025811
45.000000
19.819735
45.000000
1.664903
45.000000
31.099942
45.000000
3.180170
45.000000
16.450224
45.000000
282.785475
45.000000
19.928885
45.000000
1.649865
45.000000
31.331431
44.000000
3.201450
44.000000
15.718466
44.000000
232.501378
44.000000
19.740796
44.000000
1.638311
44.000000
31.348908
43.000000
3.273260
43.000000
15.204527
43.000000
238.918217
43.000000
19.976141
43.000000
1.656946
43.000000
31.036085
43.000000
3.205082
43.000000
16.039792
43.000000
297.845282
43.000000
19.816305
43.000000
1.655405
43.000000
31.376415
43.000000
3.229824
43.000000
16.786824
43.000000
233.298350
43.000000
20.086344
43.000000
1.649398
43.000000
31.188132
44.000000
3.187531
44.000000
15.515486
44.000000
248.558605
44.000000
19.855344
44.000000
1.650505
44.000000
31.912255
42.000000
3.158683
42.000000
16.994500
42.000000
277.091383
42.000000
19.841894
42.000000
1.675514
42.000000
31.287222
44.000000
3.190455
44.000000
15.695511
44.000000
241.925232
44.000000
19.868410
44.000000
1.640770
44.000000
31.336923
42.000000
3.196372
42.000000
16.037326
42.000000
255.721904
42.000000
19.631530
42.000000
1.625016
42.000000
31.465500
44.000000
3.194542
44.000000
16.319164
44.000000
286.166309
44.000000
19.548280
44.000000
1.663159
44.000000
31.568007
45.000000
3.221124
45.000000
14.656215
45.000000
229.836638
45.000000
19.619012
45.000000
1.636073
45.000000
31.500073
43.000000
3.179146
43.000000
16.565338
43.000000
248.458097
43.000000
19.932904
43.000000
1.643753
43.000000
31.351171
45.000000
3.217519
45.000000
16.700305
45.000000
287.807090
45.000000
20.238404
45.000000
1.669423
45.000000
31.297995
43.000000
3.209391
43.000000
15.890044
43.000000
238.108185
43.000000
19.742574
43.000000
1.658415
43.000000
32.204652
43.000000
3.251953
43.000000
15.935235
43.000000
233.586311
43.000000
19.880389
43.000000
1.647759
43.000000
31.257415
43.000000
3.210030
43.000000
65.242113
43.000000
243.891958
43.000000
20.124117
43.000000
1.660697
43.000000
31.094377
45.000000
3.257122
45.000000
15.689625
45.000000
252.604466
45.000000
19.473415
45.000000
1.644519
45.000000
31.340910
45.000000
3.180911
45.000000
15.859496
45.000000
230.065265
45.000000
19.794693
45.000000
1.658422
45.000000
31.158337
39.000000
3.190364
39.000000
16.054257
39.000000
244.695369
39.000000
19.707909
39.000000
1.643247
39.000000
31.391857
43.000000
3.206969
43.000000
15.841925
43.000000
247.158814
43.000000
19.801083
43.000000
1.648619
43.000000
31.334498
45.000000
3.184321
45.000000
16.144720
45.000000
239.281729
45.000000
19.789124
45.000000
1.646276
45.000000
79.249242
44.000000
3.201988
44.000000
14.876758
44.000000
246.153319
44.000000
19.658491
44.000000
1.659309
44.000000
31.186015
43.000000
3.262874
43.000000
16.507762
43.000000
238.517586
43.000000
20.019827
43.000000
1.645493
43.000000
31.278110
45.000000
3.161608
45.000000
15.946243
45.000000
243.355013
45.000000
68.065033
45.000000
1.655642
45.000000
31.084432
44.000000
3.157778
44.000000
16.988047
44.000000
243.761452
44.000000
19.725798
44.000000
1.643952
44.000000
31.104523
43.000000
3.233692
43.000000
16.856908
43.000000
227.913025
43.000000
19.669641
43.000000
1.654431
43.000000
31.155849
46.000000
3.233498
46.000000
15.901838
46.000000
235.388367
46.000000
72.008928
46.000000
1.656326
46.000000
31.699670
48.000000
3.176618
48.000000
15.373763
48.000000
242.906022
48.000000
19.600601
48.000000
1.655770
48.000000
31.480951
49.000000
3.207083
49.000000
16.206749
49.000000
230.565559
49.000000
19.535535
49.000000
1.679056
49.000000
31.536287
47.000000
3.197003
47.000000
15.086438
47.000000
295.065844
47.000000
19.846476
47.000000
1.667019
47.000000
31.445057
45.000000
3.210317
45.000000
16.065376
45.000000
240.253586
45.000000
19.762008
45.000000
1.661417
45.000000
31.539083
46.000000
3.269961
46.000000
15.337547
46.000000
248.133785
46.000000
19.519461
46.000000
1.649778
46.000000
31.381072
45.000000
3.208487
45.000000
15.501716
45.000000
290.257734
45.000000
19.543415
45.000000
1.655745
45.000000
30.998358
43.000000
3.233397
43.000000
15.582324
43.000000
247.348685
43.000000
19.569169
43.000000
1.660535
43.000000
31.230149
44.000000
3.223699
44.000000
16.097639
44.000000
234.664750
44.000000
19.587243
44.000000
1.662920
44.000000
31.113531
44.000000
3.195939
44.000000
16.246877
44.000000
297.215017
44.000000
19.637139
44.000000
1.640933
44.000000
31.226967
45.000000
3.213527
45.000000
15.444808
45.000000
215.360989
45.000000
19.612199
45.000000
1.648089
45.000000
31.093728
45.000000
3.227590
45.000000
15.224780
45.000000
249.112701
45.000000
19.699876
45.000000
1.641473
45.000000
31.320315
43.000000
3.225434
43.000000
16.366880
43.000000
289.274684
43.000000
19.683621
43.000000
1.639103
43.000000
31.581594
43.000000
3.182775
43.000000
15.993845
43.000000
244.152017
43.000000
19.520398
43.000000
1.672031
43.000000
31.226455
47.000000
3.217843
47.000000
16.079621
47.000000
233.902037
47.000000
19.393974
47.000000
1.661377
47.000000
30.916062
43.000000
3.223493
43.000000
14.850063
43.000000
300.563437
43.000000
19.660008
43.000000
1.662152
43.000000
31.371379
43.000000
3.217423
43.000000
15.800667
43.000000
238.890081
43.000000
19.744951
43.000000
1.653238
43.000000
31.600613
43.000000
3.236829
43.000000
15.861049
43.000000
249.475266
43.000000
19.507405
43.000000
1.653046
43.000000
31.312494
46.000000
3.188321
46.000000
16.917263
46.000000
289.196846
46.000000
19.599921
46.000000
1.668743
46.000000
31.332114
44.000000
3.189520
44.000000
15.521750
44.000000
246.928484
44.000000
19.538717
44.000000
1.654478
44.000000
31.283113
45.000000
3.167737
45.000000
16.660477
45.000000
244.558790
45.000000
19.556771
45.000000
1.664646
45.000000
31.336068
43.000000
3.177647
43.000000
16.669749
43.000000
281.182905
43.000000
19.633961
43.000000
1.649687
43.000000
31.289623
45.000000
3.228898
45.000000
16.951354
45.000000
240.818095
45.000000
19.639970
45.000000
1.677368
45.000000
31.256743
45.000000
3.265494
45.000000
16.402347
45.000000
243.672183
45.000000
19.996579
45.000000
1.653084
45.000000
30.768468
43.000000
3.237152
43.000000
14.296480
43.000000
302.214776
43.000000
20.251356
43.000000
1.651493
43.000000
31.348262
48.000000
3.214192
48.000000
14.946650
48.000000
231.192535
48.000000
19.144370
48.000000
1.648846
48.000000
31.354938
43.000000
3.219514
43.000000
15.319584
43.000000
237.551130
43.000000
19.581577
43.000000
1.652823
43.000000
31.020637
45.000000
3.260085
45.000000
15.728593
45.000000
292.386631
45.000000
19.681946
45.000000
1.673939
45.000000
31.337434
45.000000
3.194079
45.000000
15.818979
45.000000
220.383633
45.000000
19.683639
45.000000
1.643091
45.000000
31.008227
43.000000
3.211024
43.000000
15.974399
43.000000
243.140270
43.000000
19.581447
43.000000
1.651098
43.000000
31.243595
43.000000
3.160010
43.000000
16.495279
43.000000
276.406826
43.000000
19.503514
43.000000
1.663265
43.000000
31.080349
45.000000
3.193015
45.000000
15.577978
45.000000
238.985732
45.000000
19.813790
45.000000
1.679724
45.000000
30.842932
45.000000
3.222026
45.000000
15.957294
45.000000
240.953053
45.000000
19.572394
45.000000
1.647005
45.000000
30.984391
43.000000
3.174592
43.000000
16.230781
43.000000
286.531355
43.000000
19.827924
43.000000
1.666540
43.000000
31.541063
45.000000
3.198123
45.000000
15.479093
45.000000
244.335251
45.000000
19.880421
45.000000
1.661246
45.000000
31.419010
45.000000
3.194672
45.000000
15.736593
45.000000
236.168237
45.000000
19.831193
45.000000
1.670826
45.000000
31.325933
44.000000
3.179852
44.000000
16.038695
44.000000
285.633393
44.000000
19.767623
44.000000
1.651975
44.000000
31.306268
45.000000
3.325502
45.000000
16.635790
45.000000
230.872513
45.000000
19.460712
45.000000
1.661333
45.000000
31.173028
45.000000
3.177365
45.000000
15.678497
45.000000
241.252610
45.000000
19.610973
45.000000
1.648485
45.000000
31.025467
46.000000
3.184006
46.000000
15.487268
46.000000
282.736397
46.000000
19.799003
46.000000
1.640232
46.000000
31.411551
43.000000
3.297958
43.000000
15.703845
43.000000
250.904005
43.000000
19.543852
43.000000
1.646452
43.000000
30.990888
43.000000
3.194772
43.000000
16.284732
43.000000
241.498464
43.000000
19.791585
43.000000
1.662464
43.000000
31.219532
46.000000
3.207941
46.000000
15.880837
46.000000
303.361968
46.000000
19.829873
46.000000
1.663677
46.000000
31.266255
43.000000
3.212438
43.000000
16.718540
43.000000
229.187016
43.000000
19.894012
43.000000
1.653511
43.000000
31.193642
43.000000
3.224963
43.000000
16.090489
43.000000
235.323405
43.000000
19.745151
43.000000
1.651136
43.000000
31.294136
44.000000
3.183934
44.000000
15.668347
44.000000
293.394582
44.000000
19.215681
44.000000
1.660090
44.000000
30.930799
45.000000
3.223233
45.000000
16.456995
45.000000
236.204390
45.000000
19.722814
45.000000
1.645124
45.000000
31.143894
43.000000
3.217518
43.000000
16.143549
43.000000
233.150275
43.000000
19.775276
43.000000
1.655417
43.000000
31.212208
44.000000
3.166487
44.000000
16.342739
44.000000
275.515422
44.000000
19.836246
44.000000
1.655982
44.000000
31.267704
44.000000
3.248720
44.000000
16.480134
44.000000
236.080843
44.000000
19.494282
44.000000
1.655424
44.000000
31.732891
43.000000
3.267546
43.000000
14.945445
43.000000
239.957707
43.000000
19.746527
43.000000
1.654320
43.000000
31.203434
44.000000
3.207203
44.000000
16.014909
44.000000
275.692766
44.000000
19.867517
44.000000
1.668856
44.000000
31.367266
44.000000
3.300494
44.000000
16.141605
44.000000
234.600046
44.000000
19.593992
44.000000
1.652300
44.000000
31.186497
44.000000
3.215748
44.000000
15.886496
44.000000
229.507807
44.000000
19.361194
44.000000
1.671307
44.000000
31.330158
45.000000
3.225134
45.000000
14.520254
45.000000
292.030302
45.000000
19.618146
45.000000
1.647552
45.000000
31.078601
43.000000
3.243980
43.000000
16.765646
43.000000
238.884815
43.000000
19.768843
43.000000
1.672154
43.000000
31.142902
45.000000
3.237452
45.000000
16.338280
45.000000
233.576637
45.000000
19.719459
45.000000
1.644898
45.000000
30.939893
43.000000
3.203706
43.000000
15.549222
43.000000
297.833712
43.000000
19.256277
43.000000
1.671916
43.000000
31.253206
45.000000
3.224440
45.000000
14.930001
45.000000
245.502601
45.000000
19.579246
45.000000
1.655425
45.000000
31.814632
45.000000
3.209086
45.000000
16.343507
45.000000
236.222034
45.000000
19.766208
45.000000
1.647197
45.000000
31.181366
43.000000
3.205957
43.000000
17.422441
43.000000
287.635027
43.000000
19.619752
43.000000
1.657884
43.000000
31.063291
45.000000
3.207064
45.000000
15.599834
45.000000
237.948086
45.000000
19.554087
45.000000
1.637925
45.000000
31.270381
43.000000
3.234840
43.000000
15.181334
43.000000
243.239401
43.000000
19.754299
43.000000
1.644132
43.000000
31.500421
43.000000
3.185917
43.000000
14.337134
43.000000
268.728312
43.000000
19.745671
43.000000
1.645992
43.000000
31.476326
43.000000
3.183732
43.000000
15.479217
43.000000
234.784043
43.000000
19.868392
43.000000
1.659319
43.000000
31.467088
45.000000
3.209124
45.000000
13.783879
45.000000
239.349449
45.000000
19.558603
45.000000
1.632962
45.000000
31.388046
43.000000
3.225160
43.000000
15.470165
43.000000
287.963182
43.000000
19.735230
43.000000
1.654662
43.000000
30.925544
44.000000
3.222858
44.000000
16.045420
44.000000
253.890813
44.000000
19.836631
44.000000
1.656327
44.000000
31.216129
43.000000
3.214983
43.000000
15.389575
43.000000
245.483107
43.000000
19.669830
43.000000
1.658947
43.000000
31.258184
44.000000
3.170607
44.000000
16.580983
44.000000
279.557607
44.000000
19.924447
44.000000
1.655917
44.000000
31.204587
45.000000
3.318524
45.000000
15.176517
45.000000
234.748154
45.000000
19.474331
45.000000
1.668132
45.000000
31.527853
45.000000
3.185337
45.000000
15.425374
45.000000
253.469425
45.000000
19.760738
45.000000
1.643245
45.000000
31.160994
43.000000
3.187389
43.000000
16.476501
43.000000
277.679471
43.000000
18.830956
43.000000
1.653356
43.000000
31.325481
43.000000
3.210967
43.000000
17.069656
43.000000
250.456189
43.000000
19.644598
43.000000
1.640686
43.000000
31.157274
42.000000
3.202185
42.000000
15.928116
42.000000
239.176824
42.000000
19.927106
42.000000
1.659473
42.000000
31.112214
44.000000
3.190669
44.000000
15.867120
44.000000
280.947457
44.000000
19.907651
44.000000
1.660289
44.000000
31.181727
44.000000
3.264555
44.000000
15.720766
44.000000
219.357358
44.000000
19.839658
44.000000
1.643640
44.000000
31.144867
44.000000
3.227065
44.000000
15.715950
44.000000
238.690146
44.000000
19.589525
44.000000
1.670099
44.000000
30.943252
45.000000
3.239033
45.000000
16.202154
45.000000
283.021877
45.000000
19.815535
45.000000
1.644428
45.000000
31.418901
44.000000
3.230252
44.000000
15.550144
44.000000
244.323435
44.000000
19.544049
44.000000
1.656268
44.000000
31.531794
43.000000
3.208283
43.000000
16.418137
43.000000
236.431517
43.000000
19.528296
43.000000
1.659144
43.000000
31.041734
45.000000
3.213752
45.000000
16.370097
45.000000
289.310190
45.000000
19.721441
45.000000
1.647973
45.000000
31.395511
44.000000
3.182489
44.000000
16.444890
44.000000
239.808735
44.000000
19.798665
44.000000
1.642818
44.000000
31.260341
43.000000
3.193115
43.000000
17.262407
43.000000
239.255961
43.000000
19.683063
43.000000
1.651973
43.000000
31.151224
47.000000
3.179057
47.000000
64.484485
47.000000
233.520785
47.000000
19.801291
47.000000
1.648896
47.000000
31.050178
44.000000
3.193663
44.000000
17.023806
44.000000
239.661930
44.000000
19.655918
44.000000
1.657701
44.000000
31.275979
41.000000
3.229116
41.000000
15.856162
41.000000
238.224011
41.000000
19.705916
41.000000
1.643159
41.000000
31.263251
40.000000
3.180701
40.000000
14.607582
40.000000
240.277476
40.000000
19.521828
40.000000
1.637626
40.000000
30.841910
44.000000
3.200167
44.000000
15.926599
44.000000
246.201135
44.000000
19.819561
44.000000
1.653163
44.000000
31.027857
43.000000
3.270659
43.000000
16.054037
43.000000
239.129887
43.000000
19.669120
43.000000
1.661489
43.000000
79.661687
44.000000
3.186362
44.000000
16.206286
44.000000
228.384921
44.000000
19.725994
44.000000
1.668770
44.000000
31.191732
45.000000
3.222056
45.000000
15.837862
45.000000
239.044126
45.000000
19.717602
45.000000
1.659707
45.000000
31.229449
44.000000
3.182504
44.000000
17.103915
44.000000
243.970873
44.000000
19.393557
44.000000
1.649884
44.000000
83.397933
43.000000
3.229563
43.000000
16.014502
43.000000
240.324917
43.000000
20.073461
43.000000
1.655422
43.000000
31.140400
43.000000
3.214131
43.000000
17.483469
43.000000
243.813036
43.000000
19.874603
43.000000
1.654740
43.000000
31.334334
45.000000
3.220055
45.000000
16.781836
45.000000
241.021478
45.000000
67.605596
45.000000
1.635544
45.000000
31.250755
43.000000
3.188105
43.000000
15.687560
43.000000
243.001040
43.000000
19.576978
43.000000
1.639682
43.000000
31.241694
43.000000
3.214192
43.000000
16.191242
43.000000
244.767080
43.000000
19.840884
43.000000
1.658522
43.000000
31.282811
46.000000
3.197011
46.000000
16.311823
46.000000
298.406217
46.000000
19.591406
46.000000
1.658003
46.000000
31.360069
45.000000
3.215886
45.000000
16.425267
45.000000
230.453454
45.000000
19.801015
45.000000
1.642792
45.000000
31.104122
45.000000
3.191197
45.000000
16.031401
45.000000
238.057907
45.000000
19.756048
45.000000
1.663172
45.000000
30.916143
45.000000
3.165190
45.000000
15.322262
45.000000
295.459337
45.000000
19.732379
45.000000
1.655252
45.000000
31.071212
44.000000
3.208532
44.000000
15.880740
44.000000
214.777102
44.000000
19.580113
44.000000
1.641186
44.000000
31.125074
45.000000
3.169895
45.000000
15.161314
45.000000
236.504158
45.000000
19.649779
45.000000
1.652445
45.000000
31.557291
44.000000
3.200431
44.000000
15.887551
44.000000
296.238147
44.000000
19.629248
44.000000
1.640929
44.000000
31.323462
43.000000
3.155688
43.000000
16.513016
43.000000
235.325460
43.000000
19.827573
43.000000
1.644672
43.000000
31.165502
46.000000
3.145312
46.000000
16.048961
46.000000
223.260814
46.000000
19.833515
46.000000
1.669846
46.000000
31.007561
45.000000
3.196925
45.000000
16.568291
45.000000
295.851217
45.000000
19.739328
45.000000
1.666236
45.000000
31.654410
44.000000
3.222258
44.000000
16.431569
44.000000
239.650563
44.000000
19.534282
44.000000
1.648198
44.000000
31.335190
45.000000
3.224531
45.000000
16.193265
45.000000
243.806663
45.000000
20.018008
45.000000
1.649269
45.000000
31.311451
43.000000
3.214171
43.000000
16.110664
43.000000
304.793011
43.000000
19.850910
43.000000
1.664648
43.000000
31.110274
45.000000
3.202842
45.000000
16.539292
45.000000
251.500482
45.000000
19.447057
45.000000
1.653085
45.000000
31.456861
44.000000
3.237145
44.000000
16.185969
44.000000
239.675314
44.000000
19.669301
44.000000
1.644511
44.000000
31.224684
45.000000
3.205698
45.000000
15.167387
45.000000
286.935105
45.000000
19.822311
45.000000
1.659248
45.000000
31.087134
43.000000
3.218155
43.000000
16.203602
43.000000
232.271780
43.000000
19.705988
43.000000
1.654611
43.000000
31.133430
45.000000
3.192913
45.000000
14.616828
45.000000
236.955379
45.000000
19.547080
45.000000
1.662553
45.000000
32.108185
44.000000
3.221253
44.000000
15.740612
44.000000
290.276696
44.000000
19.652112
44.000000
1.661777
44.000000
31.349217
43.000000
3.201775
43.000000
15.216276
43.000000
239.977844
43.000000
19.564767
43.000000
1.640544
43.000000
31.335560
46.000000
3.255616
46.000000
15.718526
46.000000
244.819445
46.000000
20.087029
46.000000
1.661453
46.000000
31.523233
46.000000
3.209147
46.000000
16.675538
46.000000
285.753355
46.000000
19.754772
46.000000
1.658804
46.000000
31.122135
43.000000
3.229268
43.000000
16.321750
43.000000
241.709188
43.000000
19.495641
43.000000
1.646675
43.000000
30.998672
44.000000
3.187038
44.000000
16.521336
44.000000
225.089284
44.000000
19.646897
44.000000
1.648771
44.000000
31.214532
45.000000
3.243460
45.000000
15.721100
45.000000
289.808254
45.000000
19.782698
45.000000
1.663729
45.000000
31.217871
46.000000
3.228461
46.000000
15.583317
46.000000
241.307139
46.000000
19.606366
46.000000
1.646110
46.000000
31.496049
44.000000
3.215469
44.000000
15.528170
44.000000
234.145507
44.000000
19.749709
44.000000
1.654923
44.000000
31.204146
45.000000
3.250675
45.000000
15.196991
45.000000
294.941860
45.000000
19.822085
45.000000
1.646653
45.000000
31.169644
44.000000
3.251517
44.000000
15.815068
44.000000
246.444402
44.000000
19.824450
44.000000
1.655304
44.000000
31.317534
44.000000
3.234496
44.000000
16.957974
44.000000
235.727082
44.000000
20.147007
44.000000
1.652182
44.000000
31.603436
47.000000
3.236393
47.000000
15.277520
47.000000
290.524213
47.000000
19.784423
47.000000
1.645082
47.000000
31.714903
46.000000
3.214098
46.000000
15.059591
46.000000
239.703622
46.000000
19.862791
46.000000
1.670605
46.000000
30.960914
43.000000
3.191591
43.000000
15.466264
43.000000
261.817251
43.000000
19.519179
43.000000
1.645879
43.000000
30.832671
45.000000
3.203768
45.000000
16.215368
45.000000
281.619140
45.000000
19.589242
45.000000
1.657440
45.000000
31.331907
45.000000
3.204420
45.000000
16.324243
45.000000
249.900008
45.000000
19.757858
45.000000
1.659674
45.000000
