18.961701
48.000000
3.518910
48.000000
9.567271
48.000000
140.206449
48.000000
11.709093
48.000000
0.965043
48.000000
18.369501
51.000000
1.872529
51.000000
9.435828
51.000000
139.566584
51.000000
11.720146
51.000000
0.957551
51.000000
18.296306
53.000000
1.901417
53.000000
10.474961
53.000000
139.221403
53.000000
11.381754
53.000000
0.961038
53.000000
18.267088
53.000000
1.903190
53.000000
9.076792
53.000000
139.217564
53.000000
11.501970
53.000000
0.960249
53.000000
18.162401
53.000000
1.893092
53.000000
8.894316
53.000000
145.056090
53.000000
11.439185
53.000000
0.960439
53.000000
18.355157
53.000000
1.877060
53.000000
8.878867
53.000000
146.013087
53.000000
11.527711
53.000000
0.971914
53.000000
18.140546
53.000000
1.911485
53.000000
9.511766
53.000000
141.404524
53.000000
11.356087
53.000000
0.965635
53.000000
18.099123
53.000000
1.891038
53.000000
9.567658
53.000000
189.159403
53.000000
11.516391
53.000000
0.970702
53.000000
18.282326
53.000000
1.929815
53.000000
9.162407
53.000000
141.079225
53.000000
11.462071
53.000000
0.985785
53.000000
18.084085
53.000000
1.920308
53.000000
9.767507
53.000000
143.032877
53.000000
11.596977
53.000000
0.955669
53.000000
17.952565
54.000000
1.907731
54.000000
8.767337
54.000000
142.005173
54.000000
11.595169
54.000000
0.960045
54.000000
18.030596
54.000000
1.870021
54.000000
8.854008
54.000000
135.525225
54.000000
11.452142
54.000000
0.975431
54.000000
18.177385
53.000000
1.889691
53.000000
10.334296
53.000000
190.247979
53.000000
11.637362
53.000000
0.965993
53.000000
17.944461
53.000000
1.873937
53.000000
9.208215
53.000000
149.703727
53.000000
11.444851
53.000000
0.966055
53.000000
18.264740
55.000000
1.870487
55.000000
9.565789
55.000000
143.425435
55.000000
11.427343
55.000000
0.962854
55.000000
18.288643
55.000000
1.892094
55.000000
9.432067
55.000000
142.167752
55.000000
11.371533
55.000000
0.967229
55.000000
18.133574
54.000000
1.901563
54.000000
9.434463
54.000000
141.809250
54.000000
10.958087
54.000000
0.968383
54.000000
18.169577
54.000000
1.895957
54.000000
9.583390
54.000000
189.053341
54.000000
11.446490
54.000000
0.958604
54.000000
18.284775
52.000000
1.863017
52.000000
9.502991
52.000000
134.004405
52.000000
11.599886
52.000000
0.957679
52.000000
18.479888
55.000000
1.908264
55.000000
9.112771
55.000000
137.393497
55.000000
11.537494
55.000000
0.961891
55.000000
18.032680
54.000000
1.864037
54.000000
9.563703
54.000000
144.993433
54.000000
11.362893
54.000000
0.966352
54.000000
18.161992
53.000000
1.890845
53.000000
9.626599
53.000000
141.275639
53.000000
11.377184
53.000000
0.965658
53.000000
18.171704
54.000000
1.867174
54.000000
9.633104
54.000000
189.683970
54.000000
11.438843
54.000000
0.965004
54.000000
18.244994
55.000000
1.937108
55.000000
9.444414
55.000000
146.607620
55.000000
11.426957
55.000000
0.973562
55.000000
18.136137
55.000000
1.901944
55.000000
8.995362
55.000000
140.927286
55.000000
11.457287
55.000000
0.958025
55.000000
18.313816
55.000000
1.880936
55.000000
9.534449
55.000000
134.541219
55.000000
11.456078
55.000000
0.955246
55.000000
18.345991
56.000000
1.904123
56.000000
9.521814
56.000000
126.800586
56.000000
11.422078
56.000000
0.964010
56.000000
18.697593
54.000000
1.915982
54.000000
9.381721
54.000000
192.861334
54.000000
11.392105
54.000000
0.963107
54.000000
18.190766
54.000000
1.928475
54.000000
9.601648
54.000000
140.169564
54.000000
10.845869
54.000000
0.957481
54.000000
18.324425
48.000000
1.972130
48.000000
9.717930
48.000000
137.391429
48.000000
11.420286
48.000000
0.962480
48.000000
18.182934
55.000000
1.884128
55.000000
9.710028
55.000000
135.913471
55.000000
11.550905
55.000000
0.960805
55.000000
18.058257
55.000000
1.881903
55.000000
9.561934
55.000000
140.380483
55.000000
11.047436
55.000000
0.962930
55.000000
18.315852
55.000000
1.880756
55.000000
9.027219
55.000000
173.673965
55.000000
11.434816
55.000000
0.964490
55.000000
18.168559
55.000000
1.912246
55.000000
9.504206
55.000000
139.880776
55.000000
11.615648
55.000000
0.960983
55.000000
18.031156
55.000000
1.904886
55.000000
9.165336
55.000000
134.079924
55.000000
11.601860
55.000000
0.963793
55.000000
18.380241
55.000000
1.880465
55.000000
9.502246
55.000000
133.852128
55.000000
11.429103
55.000000
0.960494
55.000000
18.148266
56.000000
1.872683
56.000000
9.018038
56.000000
146.253659
56.000000
11.797104
56.000000
0.953907
56.000000
18.259769
55.000000
1.883170
55.000000
9.352173
55.000000
193.084726
55.000000
11.543803
55.000000
0.961068
55.000000
18.295007
53.000000
1.971601
53.000000
9.381218
53.000000
136.627836
53.000000
11.588229
53.000000
0.955722
53.000000
18.024515
55.000000
1.914578
55.000000
9.655089
55.000000
135.787250
55.000000
11.559160
55.000000
0.969887
55.000000
18.308972
55.000000
1.914608
55.000000
9.387386
55.000000
142.434634
55.000000
11.555310
55.000000
0.954834
55.000000
18.255403
55.000000
1.852707
55.000000
9.186045
55.000000
143.925124
55.000000
11.597820
55.000000
0.956541
55.000000
18.035613
55.000000
1.880873
55.000000
8.897629
55.000000
191.912118
55.000000
11.454370
55.000000
0.958759
55.000000
18.297207
54.000000
1.928689
54.000000
9.298168
54.000000
137.381608
54.000000
11.610787
54.000000
0.959911
54.000000
18.413903
56.000000
1.920061
56.000000
9.046706
56.000000
136.576315
56.000000
11.285798
56.000000
0.964156
56.000000
18.252972
56.000000
1.882122
56.000000
9.297106
56.000000
141.537200
56.000000
11.385445
56.000000
0.954213
56.000000
18.127643
55.000000
1.887224
55.000000
9.463663
55.000000
135.803298
55.000000
11.376852
55.000000
0.964210
55.000000
18.092691
56.000000
1.959486
56.000000
8.875980
56.000000
134.800722
56.000000
59.619564
56.000000
0.967941
56.000000
18.343731
53.000000
1.931798
53.000000
9.331357
53.000000
140.157471
53.000000
11.433262
53.000000
0.963091
53.000000
17.996606
55.000000
1.898449
55.000000
9.050631
55.000000
137.527117
55.000000
11.435824
55.000000
0.964292
55.000000
17.968998
56.000000
1.887565
56.000000
9.900202
56.000000
131.589701
56.000000
11.365556
56.000000
0.959007
56.000000
18.139521
56.000000
1.904021
56.000000
9.613048
56.000000
139.503021
56.000000
11.371504
56.000000
0.957613
56.000000
18.500122
56.000000
1.912978
56.000000
9.664512
56.000000
140.278115
56.000000
11.462751
56.000000
0.958535
56.000000
70.331383
49.000000
1.846636
49.000000
9.295340
49.000000
141.741445
49.000000
11.690349
49.000000
0.981059
49.000000
18.530994
55.000000
1.896855
55.000000
9.606939
55.000000
143.094380
55.000000
11.513331
55.000000
0.961091
55.000000
18.232327
55.000000
1.906255
55.000000
8.636661
55.000000
124.074253
55.000000
10.874600
55.000000
0.961013
55.000000
18.112826
54.000000
1.907583
54.000000
9.374335
54.000000
139.257019
54.000000
11.517558
54.000000
0.961696
54.000000
18.156719
55.000000
1.878971
55.000000
9.646354
55.000000
139.200344
55.000000
11.442741
55.000000
0.957730
55.000000
18.274271
57.000000
1.895074
57.000000
9.378189
57.000000
190.328799
57.000000
11.419540
57.000000
0.970443
57.000000
17.964625
56.000000
1.852736
56.000000
8.760565
56.000000
137.319397
56.000000
11.503454
56.000000
0.985994
56.000000
18.347546
57.000000
1.865912
57.000000
8.220488
57.000000
142.190862
57.000000
11.071171
57.000000
0.964947
57.000000
18.347390
51.000000
1.898222
51.000000
9.235776
51.000000
138.607113
51.000000
11.538947
51.000000
0.959457
51.000000
18.290430
57.000000
1.948514
57.000000
9.353653
57.000000
137.349450
57.000000
11.531769
57.000000
0.962431
57.000000
18.241312
55.000000
1.896080
55.000000
9.885834
55.000000
171.212472
55.000000
11.555481
55.000000
0.974004
55.000000
18.222854
57.000000
1.888385
57.000000
9.485136
57.000000
139.844590
57.000000
11.520598
57.000000
0.962757
57.000000
18.163629
56.000000
1.907998
56.000000
9.454543
56.000000
139.693557
56.000000
11.362800
56.000000
0.974194
56.000000
18.271871
55.000000
1.892485
55.000000
9.271405
55.000000
134.807482
55.000000
11.516172
55.000000
0.965445
55.000000
18.281005
57.000000
1.876102
57.000000
9.545068
57.000000
131.887406
57.000000
11.332450
57.000000
0.975795
57.000000
18.263166
56.000000
1.877621
56.000000
9.782417
56.000000
189.047366
56.000000
11.613615
56.000000
0.961965
56.000000
18.068472
55.000000
1.892618
55.000000
8.504991
55.000000
136.343460
55.000000
11.298702
55.000000
0.955027
55.000000
18.209108
56.000000
1.877679
56.000000
9.710515
56.000000
139.011428
56.000000
11.621251
56.000000
0.964102
56.000000
17.960828
57.000000
1.862996
57.000000
9.512838
57.000000
135.649250
57.000000
11.427158
57.000000
0.963876
57.000000
17.963788
55.000000
1.900731
55.000000
9.342523
55.000000
140.970247
55.000000
11.080940
55.000000
0.964584
55.000000
18.345359
57.000000
1.915410
57.000000
9.264749
57.000000
192.691247
57.000000
11.312148
57.000000
0.956449
57.000000
18.306937
55.000000
1.890146
55.000000
9.212593
55.000000
129.131067
55.000000
10.642911
55.000000
0.954488
55.000000
17.990965
55.000000
1.873071
55.000000
9.621320
55.000000
138.989187
55.000000
11.528544
55.000000
0.962408
55.000000
17.947360
57.000000
1.944483
57.000000
8.936814
57.000000
138.649386
57.000000
11.629242
57.000000
0.953758
57.000000
18.229202
57.000000
1.881672
57.000000
9.044867
57.000000
123.962614
57.000000
11.243408
57.000000
0.961905
57.000000
17.981207
57.000000
1.916015
57.000000
9.606069
57.000000
185.997908
57.000000
11.657654
57.000000
0.956827
57.000000
18.233870
54.000000
1.953884
54.000000
9.503064
54.000000
132.126873
54.000000
11.460223
54.000000
0.956075
54.000000
17.995767
55.000000
1.955340
55.000000
8.975060
55.000000
137.462219
55.000000
11.576514
55.000000
0.959089
55.000000
18.156779
57.000000
1.905245
57.000000
9.621344
57.000000
141.424773
57.000000
11.534384
57.000000
0.965665
57.000000
18.337730
55.000000
1.970699
55.000000
8.592339
55.000000
139.976199
55.000000
11.155396
55.000000
0.956355
55.000000
18.062732
57.000000
1.869934
57.000000
9.246422
57.000000
191.588513
57.000000
11.455238
57.000000
0.959808
57.000000
18.238863
54.000000
1.912176
54.000000
9.831832
54.000000
140.718925
54.000000
11.402210
54.000000
0.957872
54.000000
18.084109
55.000000
1.909186
55.000000
9.403996
55.000000
144.094699
55.000000
11.400777
55.000000
0.963438
55.000000
18.176297
57.000000
1.876360
57.000000
9.204372
57.000000
146.823694
57.000000
10.754637
57.000000
0.961386
57.000000
18.136592
55.000000
1.906626
55.000000
9.502216
55.000000
135.008221
55.000000
11.381628
55.000000
0.976968
55.000000
18.120271
56.000000
1.874053
56.000000
9.491023
56.000000
189.574901
56.000000
11.606199
56.000000
0.967086
56.000000
18.365576
55.000000
1.891641
55.000000
9.332642
55.000000
137.226449
55.000000
11.524337
55.000000
0.960480
55.000000
18.258910
54.000000
1.875003
54.000000
9.593740
54.000000
131.188911
54.000000
11.430725
54.000000
0.964216
54.000000
18.364738
57.000000
1.994080
57.000000
9.062593
57.000000
141.072917
57.000000
11.527394
57.000000
0.970918
57.000000
18.086467
57.000000
1.922566
57.000000
9.704875
57.000000
135.545733
57.000000
11.374557
57.000000
0.958203
57.000000
18.257341
58.000000
1.949226
58.000000
8.988046
58.000000
135.195220
58.000000
11.397154
58.000000
0.961063
58.000000
18.226457
48.000000
1.853592
48.000000
9.356307
48.000000
134.194679
48.000000
11.600759
48.000000
0.963654
48.000000
18.064988
57.000000
1.876540
57.000000
9.267332
57.000000
145.149684
57.000000
11.485982
57.000000
0.966422
57.000000
17.959300
56.000000
1.900021
56.000000
9.767838
56.000000
135.057014
56.000000
11.481735
56.000000
0.964238
56.000000
18.217394
57.000000
1.897039
57.000000
9.545209
57.000000
134.896383
57.000000
11.487299
57.000000
0.961637
57.000000
18.449105
56.000000
1.895462
56.000000
9.086025
56.000000
140.286153
56.000000
11.699451
56.000000
0.957081
56.000000
18.228546
56.000000
1.886070
56.000000
8.495554
56.000000
193.840340
56.000000
11.407227
56.000000
0.973057
56.000000
18.428467
57.000000
1.872647
57.000000
8.965163
57.000000
144.950095
57.000000
11.382610
57.000000
0.963181
57.000000
18.192535
57.000000
1.888233
57.000000
10.139672
57.000000
144.385655
57.000000
11.483219
57.000000
0.969748
57.000000
18.058865
57.000000
1.898680
57.000000
9.030271
57.000000
139.277320
57.000000
11.460116
57.000000
0.964128
57.000000
18.307615
55.000000
1.878149
55.000000
8.842197
55.000000
134.064317
55.000000
11.463308
55.000000
0.966397
55.000000
18.155514
57.000000
1.939033
57.000000
9.261633
57.000000
181.699753
57.000000
11.494741
57.000000
0.965224
57.000000
18.217959
59.000000
1.915067
59.000000
9.432073
59.000000
138.015472
59.000000
11.540585
59.000000
0.955867
59.000000
18.357378
56.000000
1.894810
56.000000
10.205590
56.000000
136.721141
56.000000
11.603841
56.000000
0.964170
56.000000
18.308415
58.000000
1.909162
58.000000
9.208786
58.000000
136.334045
58.000000
11.547462
58.000000
0.958421
58.000000
18.328979
56.000000
1.887341
56.000000
9.504832
56.000000
143.327944
56.000000
11.408512
56.000000
0.960899
56.000000
18.217806
56.000000
1.962403
56.000000
9.506134
56.000000
198.069592
56.000000
11.454532
56.000000
0.963828
56.000000
18.099756
57.000000
1.945382
57.000000
8.900928
57.000000
135.886174
57.000000
10.785389
57.000000
0.961525
57.000000
18.206807
56.000000
1.910695
56.000000
9.460748
56.000000
137.958695
56.000000
11.393551
56.000000
0.963153
56.000000
18.229862
57.000000
1.895778
57.000000
9.341084
57.000000
144.780332
57.000000
11.342702
57.000000
0.966790
57.000000
18.270218
56.000000
1.908986
56.000000
9.384395
56.000000
135.962492
56.000000
11.591399
56.000000
0.969746
56.000000
18.194199
56.000000
1.890724
56.000000
9.865422
56.000000
184.920151
56.000000
11.471504
56.000000
0.966373
56.000000
18.460978
56.000000
1.883598
56.000000
9.568811
56.000000
136.739639
56.000000
11.545108
56.000000
0.959367
56.000000
18.299063
56.000000
1.909061
56.000000
9.526312
56.000000
145.577964
56.000000
11.474623
56.000000
0.976540
56.000000
18.339349
57.000000
1.880514
57.000000
9.602071
57.000000
134.167266
57.000000
11.516916
57.000000
0.973332
57.000000
18.294279
57.000000
1.875209
57.000000
9.868328
57.000000
133.620038
57.000000
11.507024
57.000000
0.974926
57.000000
18.231297
59.000000
1.908327
59.000000
9.271104
59.000000
190.156199
59.000000
11.431374
59.000000
0.961798
59.000000
18.132984
55.000000
1.934372
55.000000
9.192943
55.000000
143.923295
55.000000
11.077468
55.000000
0.959515
55.000000
18.158992
56.000000
1.909565
56.000000
8.726068
56.000000
135.841945
56.000000
11.292347
56.000000
0.954965
56.000000
18.069342
57.000000
1.938573
57.000000
9.293089
57.000000
135.828444
57.000000
11.378693
57.000000
0.962534
57.000000
18.327126
56.000000
1.877861
56.000000
9.642796
56.000000
146.040187
56.000000
11.495742
56.000000
0.956407
56.000000
18.361084
58.000000
1.877621
58.000000
9.198602
58.000000
192.771254
58.000000
11.558514
58.000000
0.958778
58.000000
18.245131
53.000000
1.905325
53.000000
9.112327
53.000000
144.880858
53.000000
11.538681
53.000000
0.968276
53.000000
18.217385
58.000000
1.914775
58.000000
9.103226
58.000000
138.126253
58.000000
11.694720
58.000000
0.961285
58.000000
18.257125
57.000000
1.893322
57.000000
9.573274
57.000000
139.505450
57.000000
10.842867
57.000000
0.961339
57.000000
17.993234
57.000000
1.894493
57.000000
9.843296
57.000000
136.592762
57.000000
11.493004
57.000000
0.962052
57.000000
18.221509
59.000000
1.881102
59.000000
9.824073
59.000000
179.805199
59.000000
11.350320
59.000000
0.970215
59.000000
18.272198
57.000000
1.910639
57.000000
9.305932
57.000000
142.722765
57.000000
11.351195
57.000000
0.960324
57.000000
18.477620
58.000000
1.899850
58.000000
8.744024
58.000000
141.643077
58.000000
11.786602
58.000000
0.966499
58.000000
18.152978
55.000000
1.903639
55.000000
9.199910
55.000000
143.568126
55.000000
11.374345
55.000000
0.964645
55.000000
18.180267
57.000000
1.881493
57.000000
9.460620
57.000000
140.123244
57.000000
11.651044
57.000000
0.976492
57.000000
18.106287
58.000000
1.900548
58.000000
9.545855
58.000000
188.616557
58.000000
11.354822
58.000000
0.959965
58.000000
18.368799
56.000000
1.872394
56.000000
8.965513
56.000000
136.266237
56.000000
11.522247
56.000000
0.966641
56.000000
18.182872
57.000000
1.929878
57.000000
9.203612
57.000000
131.800714
57.000000
11.545975
57.000000
0.965861
57.000000
18.103115
58.000000
1.954627
58.000000
9.756616
58.000000
141.405307
58.000000
11.618984
58.000000
0.959924
58.000000
18.080032
56.000000
1.853464
56.000000
9.356933
56.000000
140.539275
56.000000
11.386005
56.000000
0.975876
56.000000
18.305592
57.000000
1.920775
57.000000
9.334162
57.000000
177.355971
57.000000
11.456325
57.000000
0.956233
57.000000
18.444760
56.000000
1.978158
56.000000
9.310395
56.000000
131.912757
56.000000
11.407549
56.000000
0.961101
56.000000
18.292242
57.000000
1.894746
57.000000
9.558647
57.000000
136.748623
57.000000
11.443620
57.000000
0.958605
57.000000
18.133461
57.000000
1.882447
57.000000
9.277004
57.000000
135.794395
57.000000
11.356736
57.000000
0.958563
57.000000
18.487498
57.000000
1.874163
57.000000
8.975587
57.000000
139.503770
57.000000
11.427651
57.000000
0.954696
57.000000
18.203111
56.000000
1.846673
56.000000
9.444654
56.000000
143.564446
56.000000
63.580465
56.000000
0.962033
56.000000
17.964334
59.000000
1.853405
59.000000
9.839657
59.000000
136.437754
59.000000
11.440885
59.000000
0.963334
59.000000
18.167700
58.000000
1.873659
58.000000
8.951220
58.000000
143.604454
58.000000
11.313759
58.000000
0.957879
58.000000
18.421703
59.000000
1.897926
59.000000
9.786648
59.000000
133.686229
59.000000
11.367923
59.000000
0.960480
59.000000
18.356437
58.000000
1.854926
58.000000
9.124156
58.000000
140.904898
58.000000
11.782991
58.000000
0.968306
58.000000
18.480785
57.000000
1.925552
57.000000
9.597667
57.000000
148.847384
57.000000
11.488593
57.000000
0.954178
57.000000
66.353294
55.000000
1.886618
55.000000
9.653760
55.000000
135.156487
55.000000
11.520384
55.000000
0.959771
55.000000
18.259990
56.000000
1.899880
56.000000
8.551145
56.000000
134.237015
56.000000
11.406245
56.000000
0.954943
56.000000
17.957577
60.000000
1.874795
60.000000
9.667839
60.000000
144.342029
60.000000
11.493256
60.000000
0.971935
60.000000
18.087385
59.000000
1.879625
59.000000
9.585389
59.000000
139.514157
59.000000
11.374067
59.000000
0.955688
59.000000
18.244696
58.000000
1.909845
58.000000
9.124305
58.000000
139.420200
58.000000
11.449327
58.000000
0.979958
58.000000
18.803572
49.000000
1.861069
49.000000
9.218955
49.000000
135.411039
49.000000
11.568513
49.000000
0.956387
49.000000
18.173609
57.000000
1.938746
57.000000
9.109344
57.000000
141.868159
57.000000
11.487973
57.000000
0.966621
57.000000
18.199898
58.000000
1.941293
58.000000
9.037295
58.000000
146.253042
58.000000
11.454101
58.000000
0.963884
58.000000
18.302148
57.000000
1.920276
57.000000
9.042987
57.000000
133.156045
57.000000
11.446008
57.000000
0.960369
57.000000
17.995280
58.000000
1.909125
58.000000
9.444152
58.000000
142.312111
58.000000
11.496311
58.000000
0.956895
58.000000
18.199810
59.000000
1.890364
59.000000
57.417930
59.000000
142.211818
59.000000
11.386471
59.000000
0.966930
59.000000
18.137167
59.000000
1.865867
59.000000
9.419480
59.000000
139.759811
59.000000
11.095080
59.000000
0.953126
59.000000
17.989353
57.000000
1.886107
57.000000
9.098866
57.000000
142.576754
57.000000
11.047987
57.000000
0.957945
57.000000
18.113997
57.000000
1.864561
57.000000
9.423319
57.000000
140.471137
57.000000
11.509895
57.000000
0.954112
57.000000
18.212599
58.000000
1.872300
58.000000
9.343844
58.000000
140.609281
58.000000
11.528968
58.000000
0.955902
58.000000
18.230564
57.000000
1.867648
57.000000
9.844985
57.000000
190.240505
57.000000
11.492687
57.000000
0.970381
57.000000
18.166826
58.000000
1.901330
58.000000
9.806968
58.000000
131.935300
58.000000
11.505240
58.000000
0.970034
58.000000
18.308318
57.000000
1.890221
57.000000
9.212971
57.000000
136.779106
57.000000
11.375566
57.000000
0.957051
57.000000
18.281351
58.000000
1.932398
58.000000
8.854382
58.000000
140.739171
58.000000
11.457772
58.000000
0.958230
58.000000
18.046121
57.000000
1.870825
57.000000
9.395320
57.000000
134.425217
57.000000
11.595128
57.000000
0.958412
57.000000
18.075389
56.000000
1.915077
56.000000
8.649601
56.000000
195.633101
56.000000
11.415764
56.000000
0.958922
56.000000
17.962696
57.000000
1.889923
57.000000
9.405886
57.000000
139.039385
57.000000
10.979096
57.000000
0.967076
57.000000
18.380172
58.000000
1.895956
58.000000
9.155318
58.000000
144.554675
58.000000
11.524256
58.000000
0.961852
58.000000
18.237037
58.000000
1.913529
58.000000
9.070560
58.000000
140.751767
58.000000
11.505295
58.000000
0.959577
58.000000
18.183752
57.000000
1.878681
57.000000
9.090736
57.000000
144.016040
57.000000
11.459882
57.000000
0.956995
57.000000
18.156892
57.000000
1.886341
57.000000
9.318259
57.000000
185.987124
57.000000
11.388178
57.000000
0.964154
57.000000
18.238265
59.000000
1.913611
59.000000
9.399418
59.000000
142.504324
59.000000
11.357299
59.000000
0.971216
59.000000
18.302752
56.000000
1.873064
56.000000
8.866148
56.000000
127.251006
56.000000
11.461314
56.000000
0.960818
56.000000
18.132663
58.000000
1.892502
58.000000
8.834332
58.000000
145.263018
58.000000
11.369507
58.000000
0.966282
58.000000
18.347441
58.000000
1.885597
58.000000
9.499362
58.000000
140.344937
58.000000
11.635989
58.000000
0.955792
58.000000
18.704287
58.000000
1.859560
58.000000
9.243330
58.000000
190.132925
58.000000
11.403873
58.000000
0.973385
58.000000
18.305141
58.000000
1.870992
58.000000
9.341765
58.000000
136.437748
58.000000
11.727592
58.000000
0.960957
58.000000
18.229741
58.000000
1.922012
58.000000
8.965890
58.000000
144.186379
58.000000
10.979372
58.000000
0.974448
58.000000
18.129418
57.000000
1.857975
57.000000
9.121874
57.000000
139.047260
57.000000
11.445587
57.000000
0.967046
57.000000
18.175579
58.000000
1.881932
58.000000
9.368151
58.000000
145.391775
58.000000
11.396422
58.000000
0.957911
58.000000
18.380325
59.000000
1.859928
59.000000
9.775168
59.000000
190.679126
59.000000
11.531591
59.000000
0.965058
59.000000
18.050397
57.000000
1.945554
57.000000
9.012994
57.000000
144.614902
57.000000
11.290816
57.000000
0.967764
57.000000
18.316831
57.000000
1.896518
57.000000
9.725350
57.000000
141.851338
57.000000
11.291364
57.000000
0.971213
57.000000
18.347192
58.000000
1.872252
58.000000
9.667170
58.000000
134.570544
58.000000
11.475902
58.000000
0.970139
58.000000
17.993091
58.000000
1.875386
58.000000
9.833385
58.000000
140.379181
58.000000
11.568085
58.000000
0.965146
58.000000
18.146175
57.000000
1.923954
57.000000
9.601655
57.000000
190.091414
57.000000
10.848416
57.000000
0.966291
57.000000
18.109057
57.000000
1.910236
57.000000
8.314001
57.000000
145.455763
57.000000
11.591152
57.000000
0.963313
57.000000
18.130318
57.000000
1.901210
57.000000
8.667512
57.000000
134.785455
57.000000
11.574142
57.000000
0.963465
57.000000
18.008846
57.000000
1.884365
57.000000
8.968235
57.000000
137.550859
57.000000
11.468102
57.000000
0.962009
57.000000
18.162734
58.000000
1.880640
58.000000
9.125039
58.000000
141.522381
58.000000
11.455979
58.000000
0.965055
58.000000
18.344650
58.000000
1.860774
58.000000
9.188676
58.000000
180.296780
58.000000
11.508791
58.000000
0.966632
58.000000
18.151415
56.000000
1.910683
56.000000
9.259152
56.000000
140.829502
56.000000
11.620471
56.000000
0.970555
56.000000
18.103423
58.000000
1.894860
58.000000
9.471002
58.000000
133.207862
58.000000
11.347119
58.000000
0.959297
58.000000
18.206977
57.000000
1.909684
57.000000
9.094924
57.000000
139.192715
57.000000
11.651992
57.000000
0.957198
57.000000
18.039107
59.000000
1.850998
59.000000
9.386665
59.000000
140.816580
59.000000
10.919011
59.000000
0.959837
59.000000
18.267707
57.000000
1.937698
57.000000
9.348740
57.000000
187.575449
57.000000
11.540014
57.000000
0.956381
57.000000
18.037513
57.000000
1.910242
57.000000
8.984561
57.000000
140.897766
57.000000
11.384766
57.000000
0.964785
57.000000
18.094105
58.000000
1.929250
58.000000
9.200181
58.000000
137.145493
58.000000
11.556380
58.000000
0.953913
58.000000
18.125505
58.000000
1.882305
58.000000
9.183173
58.000000
137.260861
58.000000
11.125033
58.000000
0.970304
58.000000
18.216055
57.000000
1.974867
57.000000
9.665683
57.000000
134.490396
57.000000
11.368533
57.000000
0.987557
57.000000
18.179742
59.000000
1.899234
59.000000
9.158472
59.000000
187.783279
59.000000
11.572817
59.000000
0.958807
59.000000
18.100851
57.000000
1.901461
57.000000
9.023802
57.000000
136.049386
57.000000
11.392569
57.000000
0.956745
57.000000
18.440660
59.000000
1.946604
59.000000
9.064951
59.000000
145.859437
59.000000
11.132993
59.000000
0.956927
59.000000
18.196802
59.000000
1.926775
59.000000
9.423511
59.000000
139.677348
59.000000
11.496810
59.000000
0.962841
59.000000
18.514418
58.000000
1.854394
58.000000
9.212901
58.000000
144.773454
58.000000
11.467085
58.000000
0.960557
58.000000
18.182648
58.000000
1.878039
58.000000
9.592044
58.000000
133.767238
58.000000
63.703890
58.000000
0.962094
58.000000
17.944272
56.000000
1.925002
56.000000
9.361120
56.000000
135.904215
56.000000
11.497382
56.000000
0.955266
56.000000
18.313724
58.000000
1.892021
58.000000
9.085696
58.000000
142.786961
58.000000
11.432456
58.000000
0.965250
58.000000
18.387089
58.000000
1.900702
58.000000
9.528263
58.000000
137.284352
58.000000
11.344944
58.000000
0.954396
58.000000
18.258343
58.000000
1.880957
58.000000
9.434795
58.000000
134.990032
58.000000
11.545861
58.000000
0.968680
58.000000
18.185945
59.000000
1.886339
59.000000
9.418120
59.000000
132.469504
59.000000
11.576164
59.000000
0.961491
59.000000
18.129914
45.000000
1.884692
45.000000
9.639159
45.000000
137.947818
45.000000
11.468886
45.000000
0.971488
45.000000
18.525937
58.000000
1.887232
58.000000
8.629412
58.000000
139.900415
58.000000
11.394860
58.000000
0.959171
58.000000
18.412515
59.000000
1.918576
59.000000
9.268207
59.000000
131.464850
59.000000
11.559945
59.000000
0.963857
59.000000
18.112783
59.000000
1.879383
59.000000
9.368641
59.000000
137.194163
59.000000
11.575778
59.000000
0.959106
59.000000
18.383690
58.000000
1.891595
58.000000
9.155759
58.000000
133.606210
58.000000
11.572246
58.000000
0.961470
58.000000
18.115935
58.000000
1.895951
58.000000
8.562282
58.000000
190.084191
58.000000
11.560591
58.000000
0.954922
58.000000
18.204336
58.000000
1.894711
58.000000
9.555545
58.000000
139.547000
58.000000
11.465077
58.000000
0.958280
58.000000
18.276876
58.000000
1.875030
58.000000
9.463945
58.000000
134.810079
58.000000
11.430160
58.000000
0.964598
58.000000
18.341130
58.000000
1.884532
58.000000
9.072119
58.000000
144.056114
58.000000
11.374198
58.000000
0.963448
58.000000
18.151032
57.000000
1.884807
57.000000
8.666163
57.000000
142.858028
57.000000
11.256304
57.000000
0.957272
57.000000
18.602994
58.000000
1.892411
58.000000
9.451183
58.000000
188.075477
58.000000
11.661962
58.000000
0.971756
58.000000
18.123541
57.000000
1.874662
57.000000
10.152509
57.000000
139.881866
57.000000
11.642344
57.000000
0.959445
57.000000
18.292272
57.000000
1.873346
57.000000
9.023962
57.000000
138.484571
57.000000
11.339147
57.000000
0.975257
57.000000
18.130763
57.000000
1.908895
57.000000
8.940162
57.000000
142.119512
57.000000
11.482596
57.000000
0.959594
57.000000
18.151154
58.000000
1.887099
58.000000
8.535131
58.000000
127.077084
58.000000
11.358839
58.000000
0.961717
58.000000
18.156240
59.000000
1.881715
59.000000
9.114121
59.000000
182.998009
59.000000
11.575149
59.000000
0.960141
59.000000
18.115527
59.000000
1.988598
59.000000
8.070499
59.000000
139.408154
59.000000
11.455974
59.000000
0.952872
59.000000
18.363975
58.000000
1.902536
58.000000
8.917068
58.000000
139.428407
58.000000
11.524803
58.000000
0.952389
58.000000
18.258329
59.000000
1.985402
59.000000
9.329033
59.000000
147.212614
59.000000
11.422531
59.000000
0.953902
59.000000
18.194802
57.000000
1.868292
57.000000
9.086413
57.000000
142.260883
57.000000
11.065585
57.000000
0.955896
57.000000
18.156143
57.000000
1.878967
57.000000
9.654232
57.000000
185.864837
57.000000
11.476586
57.000000
0.966403
57.000000
18.072472
57.000000
1.946985
57.000000
8.766627
57.000000
136.352669
57.000000
11.413047
57.000000
0.966351
57.000000
18.151548
57.000000
1.894631
57.000000
8.909158
57.000000
145.885458
57.000000
11.384812
57.000000
0.962964
57.000000
18.246865
58.000000
1.896677
58.000000
9.649662
58.000000
131.308653
58.000000
11.568947
58.000000
0.956093
58.000000
18.160767
58.000000
1.919542
58.000000
9.816332
58.000000
145.267455
58.000000
11.541540
58.000000
0.962100
58.000000
18.219968
59.000000
1.876471
59.000000
9.215787
59.000000
187.974340
59.000000
11.502781
59.000000
0.958637
59.000000
18.167831
57.000000
1.919645
57.000000
9.203110
57.000000
135.918862
57.000000
11.394396
57.000000
0.957917
57.000000
18.063111
58.000000
1.858389
58.000000
8.996659
58.000000
128.304471
58.000000
11.476700
58.000000
0.961986
58.000000
18.223491
58.000000
1.875929
58.000000
9.173913
58.000000
139.186741
58.000000
11.379730
58.000000
0.962093
58.000000
18.142948
58.000000
1.850312
58.000000
9.370920
58.000000
134.370351
58.000000
11.459589
58.000000
0.960033
58.000000
18.196243
59.000000
1.866330
59.000000
9.101891
59.000000
193.690988
59.000000
11.622773
59.000000
0.954517
59.000000
18.204129
57.000000
1.877517
57.000000
9.664373
57.000000
138.621624
57.000000
11.591295
57.000000
0.953233
57.000000
18.200225
57.000000
1.939352
57.000000
9.572743
57.000000
140.277967
57.000000
11.525497
57.000000
0.963176
57.000000
18.181896
59.000000
1.890572
59.000000
9.565096
59.000000
139.832701
59.000000
11.361659
59.000000
0.960442
59.000000
18.219128
57.000000
1.864033
57.000000
9.949423
57.000000
139.172377
57.000000
11.382305
57.000000
0.953549
57.000000
18.218980
58.000000
1.877441
58.000000
9.487380
58.000000
183.971752
58.000000
11.623738
58.000000
0.954637
58.000000
18.285340
57.000000
1.913099
57.000000
9.911192
57.000000
138.184942
57.000000
11.510636
57.000000
0.963321
57.000000
18.309658
53.000000
1.910240
53.000000
9.351232
53.000000
139.530168
53.000000
11.459647
53.000000
0.953581
53.000000
18.152862
58.000000
1.904135
58.000000
8.397646
58.000000
139.540613
58.000000
11.573588
58.000000
0.967005
58.000000
18.110928
58.000000
1.923132
58.000000
9.219231
58.000000
142.981634
58.000000
11.556037
58.000000
0.962109
58.000000
18.321810
57.000000
1.859991
57.000000
9.301801
57.000000
174.782353
57.000000
11.510719
57.000000
0.963498
57.000000
18.050485
58.000000
1.921382
58.000000
9.397364
58.000000
132.481407
58.000000
11.436621
58.000000
0.981544
58.000000
18.288499
58.000000
1.914588
58.000000
9.178449
58.000000
140.116761
58.000000
11.359174
58.000000
0.966555
58.000000
18.235444
57.000000
1.904074
57.000000
9.940336
57.000000
142.013440
57.000000
11.462382
57.000000
0.956934
57.000000
18.153669
57.000000
1.903735
57.000000
9.356684
57.000000
140.220900
57.000000
11.663156
57.000000
0.954696
57.000000
18.047692
59.000000
1.884609
59.000000
10.180641
59.000000
141.642883
59.000000
11.392898
59.000000
0.951682
59.000000
66.257071
55.000000
1.927789
55.000000
9.670765
55.000000
140.489052
55.000000
11.429042
55.000000
0.990040
55.000000
18.192213
58.000000
1.910741
58.000000
9.124243
58.000000
142.035751
58.000000
11.400516
58.000000
0.975606
58.000000
18.209305
59.000000
1.933774
59.000000
9.353602
59.000000
142.662586
59.000000
11.416940
59.000000
0.970033
59.000000
18.333392
58.000000
1.876561
58.000000
9.310439
58.000000
142.519096
58.000000
11.591804
58.000000
0.965841
58.000000
18.070586
57.000000
1.867644
57.000000
9.621572
57.000000
134.701079
57.000000
11.330801
57.000000
0.952167
57.000000
70.347578
53.000000
1.911975
53.000000
9.326240
53.000000
137.614602
53.000000
11.496524
53.000000
0.962290
53.000000
18.132897
59.000000
1.874637
59.000000
8.820759
59.000000
144.695506
59.000000
11.360499
59.000000
0.959278
59.000000
18.034113
58.000000
1.907109
58.000000
9.215288
58.000000
126.123225
58.000000
11.280383
58.000000
0.957793
58.000000
18.135835
58.000000
1.910321
58.000000
8.868494
58.000000
138.958017
58.000000
11.495258
58.000000
0.966953
58.000000
18.266796
58.000000
1.878165
58.000000
9.282100
58.000000
144.369838
58.000000
11.436702
58.000000
0.967442
58.000000
18.170565
59.000000
1.864885
59.000000
60.502117
59.000000
137.738527
59.000000
11.530168
59.000000
0.978780
59.000000
18.389943
59.000000
1.863971
59.000000
9.275653
59.000000
130.120047
59.000000
11.394751
59.000000
0.954380
59.000000
18.363162
58.000000
1.871954
58.000000
9.620707
58.000000
141.843946
58.000000
11.428494
58.000000
0.957527
58.000000
18.374755
57.000000
1.891927
57.000000
9.448975
57.000000
139.220917
57.000000
11.595287
57.000000
0.964811
57.000000
17.977555
59.000000
1.854125
59.000000
9.350332
59.000000
142.833068
59.000000
11.610176
59.000000
0.952008
59.000000
18.216740
58.000000
1.872364
58.000000
9.433374
58.000000
197.793184
58.000000
11.432513
58.000000
0.964424
58.000000
18.441951
58.000000
1.881753
58.000000
9.532486
58.000000
146.833771
58.000000
11.427095
58.000000
0.960657
58.000000
18.421274
58.000000
1.875458
58.000000
9.443741
58.000000
138.729601
58.000000
11.441859
58.000000
0.957175
58.000000
18.323175
58.000000
1.914477
58.000000
9.049269
58.000000
136.916478
58.000000
11.492621
58.000000
0.962171
58.000000
18.443809
59.000000
1.889000
59.000000
9.501133
59.000000
135.885574
59.000000
11.428437
59.000000
0.955832
59.000000
17.971066
57.000000
1.885376
57.000000
8.327653
57.000000
186.121012
57.000000
11.368089
57.000000
0.958587
57.000000
18.999652
60.000000
1.898413
60.000000
9.171884
60.000000
140.927293
60.000000
11.472356
60.000000
0.964406
60.000000
18.158988
58.000000
1.884845
58.000000
8.811507
58.000000
140.085279
58.000000
11.503851
58.000000
0.966119
58.000000
18.350125
58.000000
1.974956
58.000000
9.129228
58.000000
141.293401
58.000000
11.304202
58.000000
0.954931
58.000000
18.182202
57.000000
1.901963
57.000000
9.532198
57.000000
137.944758
57.000000
11.496584
57.000000
0.975603
57.000000
18.141975
58.000000
1.873848
58.000000
9.438117
58.000000
193.273794
58.000000
11.559239
58.000000
0.960458
58.000000
18.367332
58.000000
1.918165
58.000000
9.609032
58.000000
131.050083
58.000000
11.571664
58.000000
0.960435
58.000000
18.341489
58.000000
1.868589
58.000000
9.081766
58.000000
138.580236
58.000000
11.717797
58.000000
0.965449
58.000000
18.347020
60.000000
1.884898
60.000000
9.033806
60.000000
140.624098
60.000000
11.483832
60.000000
0.965900
60.000000
18.363561
59.000000
1.885148
59.000000
9.017563
59.000000
135.227025
59.000000
11.429925
59.000000
0.973602
59.000000
18.391575
59.000000
1.893200
59.000000
8.854961
59.000000
191.289176
59.000000
11.540423
59.000000
0.964811
59.000000
18.229978
58.000000
1.897061
58.000000
9.381846
58.000000
141.751753
58.000000
11.542204
58.000000
0.952580
58.000000
18.168181
59.000000
1.894332
59.000000
9.670050
59.000000
138.464712
59.000000
11.450566
59.000000
0.970296
59.000000
18.266458
58.000000
1.918417
58.000000
9.040977
58.000000
139.441541
58.000000
11.504227
58.000000
0.964545
58.000000
18.223043
57.000000
1.884515
57.000000
8.968331
57.000000
139.610709
57.000000
11.426576
57.000000
0.969390
57.000000
18.439938
59.000000
1.885113
59.000000
8.978460
59.000000
203.872507
59.000000
11.432521
59.000000
0.964907
59.000000
18.254765
57.000000
1.841159
57.000000
9.431980
57.000000
136.087097
57.000000
11.341597
57.000000
0.958523
57.000000
18.252283
59.000000
1.893724
59.000000
9.464641
59.000000
145.275812
59.000000
11.629202
59.000000
0.966704
59.000000
