23.195793
45.000000
4.202849
45.000000
11.876224
45.000000
171.965490
45.000000
13.975602
45.000000
1.170577
45.000000
22.453644
47.000000
2.263298
47.000000
11.288415
47.000000
172.518466
47.000000
14.042230
47.000000
1.185810
47.000000
22.324461
47.000000
2.277179
47.000000
12.873102
47.000000
172.738318
47.000000
14.111183
47.000000
1.180029
47.000000
22.242642
47.000000
2.273480
47.000000
11.175892
47.000000
172.939986
47.000000
14.146466
47.000000
1.176349
47.000000
22.182408
47.000000
2.263089
47.000000
10.954059
47.000000
176.467065
47.000000
13.960409
47.000000
1.187493
47.000000
22.613869
49.000000
2.279862
49.000000
58.940407
49.000000
178.959309
49.000000
13.368788
49.000000
1.174224
49.000000
22.235672
50.000000
2.317643
50.000000
11.479977
50.000000
174.196530
50.000000
13.544692
50.000000
1.179871
50.000000
22.202681
48.000000
2.281057
48.000000
11.845735
48.000000
172.596514
48.000000
14.170047
48.000000
1.174686
48.000000
22.525676
47.000000
2.319655
47.000000
11.431375
47.000000
174.669740
47.000000
13.983965
47.000000
1.184908
47.000000
22.394781
47.000000
2.282239
47.000000
11.937660
47.000000
224.496252
47.000000
14.295062
47.000000
1.179464
47.000000
22.383269
47.000000
2.316550
47.000000
10.897832
47.000000
174.674146
47.000000
14.215898
47.000000
1.184937
47.000000
22.235764
48.000000
2.269904
48.000000
10.905240
48.000000
166.014328
48.000000
14.075369
48.000000
1.190500
48.000000
22.364308
50.000000
2.268120
50.000000
12.686268
50.000000
174.902627
50.000000
14.027464
50.000000
1.184972
50.000000
22.050831
48.000000
2.314603
48.000000
11.388334
48.000000
236.483196
48.000000
14.109500
48.000000
1.177876
48.000000
22.346022
48.000000
2.260765
48.000000
11.714510
48.000000
175.629504
48.000000
14.164617
48.000000
1.174341
48.000000
22.287516
49.000000
2.281648
49.000000
11.535809
49.000000
174.224168
49.000000
13.922229
49.000000
1.184182
49.000000
22.424480
48.000000
2.325221
48.000000
11.668484
48.000000
174.139291
48.000000
14.105924
48.000000
1.174482
48.000000
22.699659
48.000000
2.268445
48.000000
11.787894
48.000000
216.475233
48.000000
14.030559
48.000000
1.177464
48.000000
22.371782
48.000000
2.316170
48.000000
11.601761
48.000000
165.153415
48.000000
14.088434
48.000000
1.191433
48.000000
22.636398
48.000000
2.317896
48.000000
11.144403
48.000000
166.757401
48.000000
13.892102
48.000000
1.182938
48.000000
22.347136
48.000000
2.293774
48.000000
11.663045
48.000000
178.217491
48.000000
13.942367
48.000000
1.184794
48.000000
22.252353
48.000000
2.278612
48.000000
11.809170
48.000000
225.402296
48.000000
14.094664
48.000000
1.178085
48.000000
22.227758
47.000000
2.278030
47.000000
11.794336
47.000000
174.480168
47.000000
13.980657
47.000000
1.177347
47.000000
22.522285
47.000000
2.280488
47.000000
11.689235
47.000000
179.056111
47.000000
14.050991
47.000000
1.184833
47.000000
22.522856
48.000000
2.285948
48.000000
11.026074
48.000000
174.301960
48.000000
14.466834
48.000000
1.182857
48.000000
22.264093
52.000000
2.291642
52.000000
11.672047
52.000000
215.495651
52.000000
13.845155
52.000000
1.178197
52.000000
22.415927
48.000000
2.321799
48.000000
11.802805
48.000000
155.917668
48.000000
13.544251
48.000000
1.181477
48.000000
22.762252
49.000000
2.277276
49.000000
11.610181
49.000000
172.887087
49.000000
13.455312
49.000000
1.179425
49.000000
22.143479
48.000000
2.287338
48.000000
11.537189
48.000000
172.129666
48.000000
14.017115
48.000000
1.179384
48.000000
22.467247
45.000000
2.309633
45.000000
11.864135
45.000000
196.409567
45.000000
14.137068
45.000000
1.170327
45.000000
22.111618
48.000000
2.322766
48.000000
12.002660
48.000000
166.803451
48.000000
13.942653
48.000000
1.178789
48.000000
22.569970
48.000000
2.274531
48.000000
11.938668
48.000000
174.337706
48.000000
14.134742
48.000000
1.174173
48.000000
22.356159
48.000000
2.259998
48.000000
11.231319
48.000000
178.979781
48.000000
14.116851
48.000000
1.193291
48.000000
22.666586
47.000000
2.277346
47.000000
11.641571
47.000000
171.294207
47.000000
62.254434
47.000000
1.184717
47.000000
22.331417
49.000000
2.329529
49.000000
11.108012
49.000000
163.534780
49.000000
14.097761
49.000000
1.191123
49.000000
22.269786
48.000000
2.325725
48.000000
11.662598
48.000000
164.774808
48.000000
14.068736
48.000000
1.180728
48.000000
22.643915
49.000000
2.297843
49.000000
11.013626
49.000000
180.222585
49.000000
14.112643
49.000000
1.176921
49.000000
22.466505
51.000000
2.297676
51.000000
11.354654
51.000000
173.855402
51.000000
13.970917
51.000000
1.186747
51.000000
22.313605
41.000000
2.283836
41.000000
11.498394
41.000000
164.567100
41.000000
14.378892
41.000000
1.175243
41.000000
22.448277
49.000000
2.308286
49.000000
11.936163
49.000000
166.986077
49.000000
14.135797
49.000000
1.179890
49.000000
22.528217
49.000000
2.263526
49.000000
11.517927
49.000000
174.818702
49.000000
14.043582
49.000000
1.177627
49.000000
22.140166
49.000000
2.308260
49.000000
11.252365
49.000000
177.803664
49.000000
14.113604
49.000000
1.198487
49.000000
22.382647
51.000000
2.305965
51.000000
11.000070
51.000000
224.261108
51.000000
14.044575
51.000000
1.177973
51.000000
22.459572
50.000000
2.325157
50.000000
11.410052
50.000000
168.970460
50.000000
14.184973
50.000000
1.178056
50.000000
22.400317
49.000000
2.321160
49.000000
11.676581
49.000000
168.444970
49.000000
14.113773
49.000000
1.177478
49.000000
22.455434
48.000000
2.304863
48.000000
11.510944
48.000000
174.409748
48.000000
14.174048
48.000000
1.185355
48.000000
22.358905
51.000000
2.281111
51.000000
11.769376
51.000000
214.899177
51.000000
14.210145
51.000000
1.176241
51.000000
22.185255
49.000000
2.274195
49.000000
10.715604
49.000000
166.079207
49.000000
14.241250
49.000000
1.187327
49.000000
22.423368
49.000000
2.273129
49.000000
11.635679
49.000000
169.772683
49.000000
13.486202
49.000000
1.184745
49.000000
22.423160
49.000000
2.289763
49.000000
10.931499
49.000000
169.391602
49.000000
13.982287
49.000000
1.182826
49.000000
22.346708
49.000000
2.314965
49.000000
11.961582
49.000000
212.122582
49.000000
14.178450
49.000000
1.187590
49.000000
22.408238
50.000000
2.295598
50.000000
11.577058
50.000000
170.467156
50.000000
13.818176
50.000000
1.175558
50.000000
22.755896
49.000000
2.299826
49.000000
11.902093
49.000000
171.708213
49.000000
14.052486
49.000000
1.186817
49.000000
22.312518
49.000000
2.250951
49.000000
11.485764
49.000000
174.599796
49.000000
14.177310
49.000000
1.178333
49.000000
22.746621
47.000000
2.308539
47.000000
11.724391
47.000000
221.592643
47.000000
14.098849
47.000000
1.175644
47.000000
22.213774
49.000000
2.278121
49.000000
10.618819
49.000000
150.742364
49.000000
14.312130
49.000000
1.176713
49.000000
22.369133
48.000000
2.314716
48.000000
11.439060
48.000000
170.611174
48.000000
13.922716
48.000000
1.195738
48.000000
22.554940
49.000000
2.274687
49.000000
11.913918
49.000000
172.327089
49.000000
13.978178
49.000000
1.198663
49.000000
22.246531
49.000000
2.297371
49.000000
11.543903
49.000000
173.665853
49.000000
66.452263
49.000000
1.190636
49.000000
22.256700
50.000000
2.272766
50.000000
10.820744
50.000000
168.416429
50.000000
13.550942
50.000000
1.189396
50.000000
22.095251
50.000000
2.298919
50.000000
10.081912
50.000000
174.768384
50.000000
14.141963
50.000000
1.178653
50.000000
22.304344
46.000000
2.309512
46.000000
11.199508
46.000000
170.263783
46.000000
13.898450
46.000000
1.177306
46.000000
22.533005
48.000000
2.341408
48.000000
11.531203
48.000000
168.740440
48.000000
13.906413
48.000000
1.206544
48.000000
22.101469
43.000000
2.304713
43.000000
12.224110
43.000000
164.795412
43.000000
14.157932
43.000000
1.171044
43.000000
22.318106
50.000000
2.280036
50.000000
11.521746
50.000000
170.122415
50.000000
14.126573
50.000000
1.189837
50.000000
22.432406
49.000000
2.300713
49.000000
11.623335
49.000000
172.065397
49.000000
14.121234
49.000000
1.173324
49.000000
22.554395
50.000000
2.365450
50.000000
11.366818
50.000000
166.529695
50.000000
14.421844
50.000000
1.172049
50.000000
22.446098
50.000000
2.293132
50.000000
11.709373
50.000000
210.683135
50.000000
14.083696
50.000000
1.183714
50.000000
22.443637
51.000000
2.323474
51.000000
11.976261
51.000000
170.845413
51.000000
14.015254
51.000000
1.175762
51.000000
22.435205
50.000000
2.293091
50.000000
10.382248
50.000000
166.344265
50.000000
14.114118
50.000000
1.179072
50.000000
22.304177
50.000000
2.292814
50.000000
11.851127
50.000000
170.710046
50.000000
13.979630
50.000000
1.186449
50.000000
22.487885
49.000000
2.295166
49.000000
11.696730
49.000000
218.425501
49.000000
14.147172
49.000000
1.175260
49.000000
22.593417
49.000000
2.359579
49.000000
11.424255
49.000000
172.427102
49.000000
14.214977
49.000000
1.174860
49.000000
22.166685
49.000000
2.309254
49.000000
11.239761
49.000000
172.637033
49.000000
14.166064
49.000000
1.176612
49.000000
22.383994
49.000000
2.335197
49.000000
11.227569
49.000000
157.586690
49.000000
13.993698
49.000000
1.177860
49.000000
22.168446
50.000000
2.282442
50.000000
11.818730
50.000000
218.710402
50.000000
14.034189
50.000000
1.182283
50.000000
22.322795
49.000000
2.386876
49.000000
11.007340
49.000000
171.089719
49.000000
14.111943
49.000000
1.179569
49.000000
22.263542
50.000000
2.324174
50.000000
11.134371
50.000000
151.739943
50.000000
14.043843
50.000000
1.184665
50.000000
22.202828
50.000000
2.278248
50.000000
11.840146
50.000000
169.324743
50.000000
13.005171
50.000000
1.196740
50.000000
22.429609
50.000000
2.342329
50.000000
11.354979
50.000000
163.240663
50.000000
14.030889
50.000000
49.335842
50.000000
22.294833
50.000000
2.369954
50.000000
11.153837
50.000000
168.335157
50.000000
14.322079
50.000000
1.185553
50.000000
22.251385
50.000000
2.317856
50.000000
11.693877
50.000000
174.324050
50.000000
14.288356
50.000000
1.174512
50.000000
22.287329
50.000000
2.316788
50.000000
10.492387
50.000000
173.273605
50.000000
14.155426
50.000000
1.173104
50.000000
22.308589
50.000000
2.297516
50.000000
11.234254
50.000000
170.928207
50.000000
14.109488
50.000000
1.175890
50.000000
22.123412
42.000000
2.370174
42.000000
12.257721
42.000000
171.845433
42.000000
14.327175
42.000000
1.183190
42.000000
22.421971
49.000000
2.304494
49.000000
11.579872
49.000000
176.036831
49.000000
14.165717
49.000000
1.190652
49.000000
22.459675
49.000000
2.313814
49.000000
11.318013
49.000000
179.474638
49.000000
14.230203
49.000000
1.182357
49.000000
22.252117
50.000000
2.283737
50.000000
11.599306
50.000000
166.624350
50.000000
14.029485
50.000000
1.193878
50.000000
22.581723
51.000000
2.286140
51.000000
11.561907
51.000000
218.548984
51.000000
13.670509
51.000000
1.174569
51.000000
22.597763
49.000000
2.284737
49.000000
11.408195
49.000000
167.654882
49.000000
14.024739
49.000000
1.178009
49.000000
22.120151
50.000000
2.302101
50.000000
11.718660
50.000000
161.616732
50.000000
14.053162
50.000000
1.179783
50.000000
22.091491
51.000000
2.308548
51.000000
11.189140
51.000000
174.623387
51.000000
14.169216
51.000000
1.203019
51.000000
22.453637
50.000000
2.317907
50.000000
11.841581
50.000000
213.427196
50.000000
14.242567
50.000000
1.181302
50.000000
22.312666
49.000000
2.335017
49.000000
10.839796
49.000000
165.959175
49.000000
14.011713
49.000000
1.187151
49.000000
22.200488
51.000000
2.280378
51.000000
11.593040
51.000000
166.037726
51.000000
13.946731
51.000000
1.185954
51.000000
22.123935
50.000000
2.289947
50.000000
11.326729
50.000000
180.422431
50.000000
13.900207
50.000000
1.187201
50.000000
22.095009
49.000000
2.305351
49.000000
12.192444
49.000000
217.935953
49.000000
14.047219
49.000000
1.193113
49.000000
22.514699
50.000000
2.282113
50.000000
11.486671
50.000000
166.123026
50.000000
14.208538
50.000000
1.186415
50.000000
22.692273
50.000000
2.316988
50.000000
11.336379
50.000000
172.344499
50.000000
14.105245
50.000000
1.193478
50.000000
22.169053
51.000000
2.295095
51.000000
10.462713
51.000000
179.043339
51.000000
14.285949
51.000000
1.182590
51.000000
22.533404
51.000000
2.275781
51.000000
11.253198
51.000000
225.845603
51.000000
13.866943
51.000000
1.186753
51.000000
22.227145
50.000000
2.295691
50.000000
12.467766
50.000000
176.113840
50.000000
14.199444
50.000000
1.186764
50.000000
22.265906
51.000000
2.302422
51.000000
11.035219
51.000000
170.564624
51.000000
14.271327
51.000000
1.177348
51.000000
22.144844
50.000000
2.315927
50.000000
10.695738
50.000000
164.190245
50.000000
13.930382
50.000000
1.178905
50.000000
22.310542
50.000000
2.315737
50.000000
11.489748
50.000000
217.140820
50.000000
14.151692
50.000000
1.174594
50.000000
22.560374
49.000000
2.317165
49.000000
11.580493
49.000000
169.263474
49.000000
14.086932
49.000000
1.187987
49.000000
22.217001
50.000000
2.319415
50.000000
12.684506
50.000000
168.057396
50.000000
13.918379
50.000000
1.178341
50.000000
22.277194
51.000000
2.396745
51.000000
11.242169
51.000000
167.730638
51.000000
14.392455
51.000000
1.175494
51.000000
22.171770
52.000000
2.267649
52.000000
11.669388
52.000000
175.798124
52.000000
13.400712
52.000000
1.174938
52.000000
70.531235
48.000000
2.346962
48.000000
11.741704
48.000000
178.244737
48.000000
14.087541
48.000000
1.180895
48.000000
22.309820
51.000000
2.296927
51.000000
10.920320
51.000000
166.251680
51.000000
14.117206
51.000000
1.180584
51.000000
22.536326
50.000000
2.296359
50.000000
11.572006
50.000000
168.792036
50.000000
14.154397
50.000000
1.190053
50.000000
22.172915
53.000000
2.252730
53.000000
11.516435
53.000000
176.899089
53.000000
13.986097
53.000000
1.192214
53.000000
22.404926
51.000000
2.292916
51.000000
62.306729
51.000000
166.275082
51.000000
14.140414
51.000000
1.186505
51.000000
22.447708
50.000000
2.374683
50.000000
12.033585
50.000000
168.387264
50.000000
14.239004
50.000000
1.183145
50.000000
22.081378
50.000000
2.284814
50.000000
11.744750
50.000000
168.136008
50.000000
14.099977
50.000000
1.179950
50.000000
22.222576
50.000000
2.296308
50.000000
11.898988
50.000000
178.527592
50.000000
14.171818
50.000000
1.179484
50.000000
22.188111
50.000000
2.296141
50.000000
11.750520
50.000000
214.032178
50.000000
14.080960
50.000000
1.186015
50.000000
22.483077
49.000000
2.286384
49.000000
12.180779
49.000000
164.491341
49.000000
13.960035
49.000000
1.175376
49.000000
22.079887
50.000000
2.312340
50.000000
11.236577
50.000000
171.416911
50.000000
14.220606
50.000000
1.178832
50.000000
22.019012
49.000000
2.320494
49.000000
11.365696
49.000000
174.910429
49.000000
14.186939
49.000000
1.175429
49.000000
22.338803
51.000000
2.256522
51.000000
10.879329
51.000000
219.310419
51.000000
14.219889
51.000000
1.208802
51.000000
22.218752
50.000000
2.320385
50.000000
11.266222
50.000000
163.817520
50.000000
14.250105
50.000000
1.180236
50.000000
22.281004
52.000000
2.292414
52.000000
11.861153
52.000000
180.669311
52.000000
14.253100
52.000000
1.181357
52.000000
22.187408
51.000000
2.348645
51.000000
10.994961
51.000000
177.977681
51.000000
14.241841
51.000000
1.190364
51.000000
22.420726
48.000000
2.276795
48.000000
11.227866
48.000000
214.135782
48.000000
14.150714
48.000000
1.178225
48.000000
22.656427
53.000000
2.326389
53.000000
11.143156
53.000000
171.762897
53.000000
14.085805
53.000000
1.192518
53.000000
22.431643
53.000000
2.284883
53.000000
11.968592
53.000000
170.341763
53.000000
14.107478
53.000000
1.173995
53.000000
22.277822
51.000000
2.279063
51.000000
12.388602
51.000000
168.784735
51.000000
14.093331
51.000000
1.190689
51.000000
22.547611
51.000000
2.295157
51.000000
12.105139
51.000000
224.969377
51.000000
14.062822
51.000000
1.183507
51.000000
22.553828
51.000000
2.303969
51.000000
11.393865
51.000000
176.300357
51.000000
13.994010
51.000000
1.189867
51.000000
22.520827
50.000000
2.335630
50.000000
10.796952
50.000000
173.580524
50.000000
14.048236
50.000000
1.178114
50.000000
22.425733
50.000000
2.294984
50.000000
11.545433
50.000000
175.922442
50.000000
14.331929
50.000000
1.173458
50.000000
22.259009
51.000000
2.323097
51.000000
11.606188
51.000000
221.091872
51.000000
14.131840
51.000000
1.177436
51.000000
22.545931
49.000000
2.288181
49.000000
11.651958
49.000000
167.923512
49.000000
14.072603
49.000000
1.186586
49.000000
22.089923
52.000000
2.323355
52.000000
11.132611
52.000000
168.129187
52.000000
14.044493
52.000000
1.177993
52.000000
22.409443
49.000000
2.315565
49.000000
11.257693
49.000000
162.514983
49.000000
13.453595
49.000000
1.193915
49.000000
22.404417
52.000000
2.268292
52.000000
12.189971
52.000000
226.327101
52.000000
14.310567
52.000000
1.191520
52.000000
22.215686
49.000000
2.362937
49.000000
11.496935
49.000000
171.914195
49.000000
14.033179
49.000000
1.177134
49.000000
22.228680
51.000000
2.281266
51.000000
11.494411
51.000000
153.952963
51.000000
13.931597
51.000000
1.178958
51.000000
22.593485
51.000000
2.254253
51.000000
11.389669
51.000000
162.388686
51.000000
14.259479
51.000000
1.189546
51.000000
22.302613
51.000000
2.308651
51.000000
11.769691
51.000000
170.281409
51.000000
14.461234
51.000000
1.183013
51.000000
22.532416
52.000000
2.275602
52.000000
59.387622
52.000000
167.363752
52.000000
14.296596
52.000000
1.196100
52.000000
22.764640
51.000000
2.329467
51.000000
10.804951
51.000000
171.679516
51.000000
14.040381
51.000000
1.184885
51.000000
22.511660
51.000000
2.286934
51.000000
11.476096
51.000000
175.373006
51.000000
14.217273
51.000000
1.178577
51.000000
22.463124
53.000000
2.324105
53.000000
12.272149
53.000000
167.085636
53.000000
14.094310
53.000000
1.170371
53.000000
22.208519
50.000000
2.307894
50.000000
11.001981
50.000000
230.964629
50.000000
14.080764
50.000000
1.189221
50.000000
22.559773
54.000000
2.322134
54.000000
11.968984
54.000000
164.110185
54.000000
13.994066
54.000000
1.176523
54.000000
22.309490
50.000000
2.298201
50.000000
11.173680
50.000000
173.411277
50.000000
13.993164
50.000000
1.187255
50.000000
22.247532
49.000000
2.296250
49.000000
11.430721
49.000000
181.841263
49.000000
14.070490
49.000000
1.180114
49.000000
22.433086
49.000000
2.324282
49.000000
11.722399
49.000000
214.113323
49.000000
13.296311
49.000000
1.175574
49.000000
22.629719
50.000000
2.346320
50.000000
10.289543
50.000000
166.286041
50.000000
14.078042
50.000000
1.195017
50.000000
22.550678
51.000000
2.350360
51.000000
11.858342
51.000000
177.667581
51.000000
14.032968
51.000000
1.181407
51.000000
22.336605
49.000000
2.294288
49.000000
11.840759
49.000000
170.778391
49.000000
14.185540
49.000000
1.182374
49.000000
22.524898
53.000000
2.306091
53.000000
11.293032
53.000000
220.936853
53.000000
14.068040
53.000000
1.182620
53.000000
23.094420
50.000000
2.282207
50.000000
11.370286
50.000000
167.872708
50.000000
14.058726
50.000000
1.186881
50.000000
22.061776
51.000000
2.281382
51.000000
11.128729
51.000000
174.644689
51.000000
14.087738
51.000000
1.172807
51.000000
22.543537
49.000000
2.342339
49.000000
11.232444
49.000000
179.609909
49.000000
14.111988
49.000000
1.181375
49.000000
22.464499
51.000000
2.331573
51.000000
11.124006
51.000000
212.523045
51.000000
14.166370
51.000000
1.179119
51.000000
22.371858
51.000000
2.298917
51.000000
11.460130
51.000000
174.855013
51.000000
13.875455
51.000000
1.171744
51.000000
22.482761
51.000000
2.355704
51.000000
11.397992
51.000000
174.585869
51.000000
14.163459
51.000000
1.179794
51.000000
22.279313
51.000000
2.286729
51.000000
11.716962
51.000000
172.006875
51.000000
13.984227
51.000000
1.179213
51.000000
22.511215
51.000000
2.345248
51.000000
10.942644
51.000000
226.742008
51.000000
14.112377
51.000000
1.177399
51.000000
22.286948
49.000000
2.310509
49.000000
11.605352
49.000000
171.219019
49.000000
13.973869
49.000000
1.185990
49.000000
22.414389
52.000000
2.299354
52.000000
11.418295
52.000000
172.429040
52.000000
14.116832
52.000000
1.191224
52.000000
22.406101
51.000000
2.279390
51.000000
11.940014
51.000000
175.013296
51.000000
14.240362
51.000000
1.181173
51.000000
22.288493
50.000000
2.310729
50.000000
11.830803
50.000000
161.949423
50.000000
61.866683
50.000000
1.177458
50.000000
22.135685
49.000000
2.266939
49.000000
11.356806
49.000000
167.925228
49.000000
13.882862
49.000000
1.191283
49.000000
22.514493
52.000000
2.292803
52.000000
10.970681
52.000000
174.191441
52.000000
13.770585
52.000000
1.179452
52.000000
22.111038
51.000000
2.343973
51.000000
11.722424
51.000000
164.146574
51.000000
14.124649
51.000000
1.180500
51.000000
22.083712
51.000000
2.283073
51.000000
10.735198
51.000000
175.993396
51.000000
14.262982
51.000000
1.188319
51.000000
22.505579
44.000000
2.279947
44.000000
11.540977
44.000000
171.876785
44.000000
14.324813
44.000000
1.176269
44.000000
22.227054
53.000000
2.288770
53.000000
11.231585
53.000000
176.783185
53.000000
14.207360
53.000000
1.171884
53.000000
22.548531
53.000000
2.318653
53.000000
11.003120
53.000000
173.076155
53.000000
14.126526
53.000000
1.171012
53.000000
22.347154
51.000000
2.365693
51.000000
11.044577
51.000000
175.999200
51.000000
14.029602
51.000000
1.174162
51.000000
22.355729
50.000000
2.304198
50.000000
11.490063
50.000000
217.137551
50.000000
13.935778
50.000000
1.184497
50.000000
22.549112
49.000000
2.292109
49.000000
11.686942
49.000000
174.980968
49.000000
14.256360
49.000000
1.176471
49.000000
22.525459
50.000000
2.314437
50.000000
11.089198
50.000000
155.273575
50.000000
14.042161
50.000000
1.181706
50.000000
22.065437
51.000000
2.313940
51.000000
10.810184
51.000000
178.040259
51.000000
14.144747
51.000000
1.177316
51.000000
22.461672
51.000000
2.298198
51.000000
11.946535
51.000000
223.706487
51.000000
14.083232
51.000000
1.191668
51.000000
22.878686
50.000000
2.313250
50.000000
11.374739
50.000000
174.365188
50.000000
14.171216
50.000000
1.175948
50.000000
22.207068
52.000000
2.283014
52.000000
11.487492
52.000000
167.307229
52.000000
14.051735
52.000000
1.183026
52.000000
22.433546
51.000000
2.331199
51.000000
10.711918
51.000000
177.076083
51.000000
14.377179
51.000000
1.185497
51.000000
22.344161
52.000000
2.284102
52.000000
11.249705
52.000000
217.932785
52.000000
14.147292
52.000000
1.178135
52.000000
22.456248
51.000000
2.310219
51.000000
11.592225
51.000000
178.257895
51.000000
14.197740
51.000000
1.171346
51.000000
22.344001
51.000000
2.334866
51.000000
12.090535
51.000000
172.176593
51.000000
13.974543
51.000000
1.180680
51.000000
22.493600
52.000000
2.334185
52.000000
11.125042
52.000000
175.746590
52.000000
14.022598
52.000000
1.177118
52.000000
22.429566
51.000000
2.283799
51.000000
11.887869
51.000000
225.271634
51.000000
14.248428
51.000000
1.179137
51.000000
22.214275
51.000000
2.349820
51.000000
11.937133
51.000000
165.887985
51.000000
14.023425
51.000000
1.172318
51.000000
22.299077
52.000000
2.252653
52.000000
12.158257
52.000000
171.765751
52.000000
14.250084
52.000000
1.191397
52.000000
22.228288
50.000000
2.332422
50.000000
11.704705
50.000000
173.925653
50.000000
14.122430
50.000000
1.185530
50.000000
22.306359
50.000000
2.275515
50.000000
10.196155
50.000000
226.877867
50.000000
14.208161
50.000000
1.174625
50.000000
22.131431
50.000000
2.376871
50.000000
10.734037
50.000000
166.870762
50.000000
14.127135
50.000000
1.192415
50.000000
22.328780
54.000000
2.283465
54.000000
11.018713
54.000000
169.832232
54.000000
14.362649
54.000000
1.174923
54.000000
22.437414
51.000000
2.297249
51.000000
11.199009
51.000000
173.796223
51.000000
14.050921
51.000000
1.184870
51.000000
22.287732
51.000000
2.306575
51.000000
11.241345
51.000000
205.650097
51.000000
13.840527
51.000000
1.199051
51.000000
22.256113
49.000000
2.286259
49.000000
11.390828
49.000000
173.742273
49.000000
14.089143
49.000000
1.177185
49.000000
22.367446
51.000000
2.288149
51.000000
11.950663
51.000000
164.197743
51.000000
14.028464
51.000000
1.184741
51.000000
22.439019
52.000000
2.298431
52.000000
11.258015
52.000000
170.358529
52.000000
14.235570
52.000000
1.169087
52.000000
22.260971
52.000000
2.295054
52.000000
11.539418
52.000000
171.895993
52.000000
13.902598
52.000000
1.174293
52.000000
74.324736
48.000000
2.295997
48.000000
11.565421
48.000000
171.078714
48.000000
13.815712
48.000000
1.182296
48.000000
22.490036
51.000000
2.342329
51.000000
11.049181
51.000000
174.736630
51.000000
14.150808
51.000000
1.190704
51.000000
22.216307
51.000000
2.310063
51.000000
11.274221
51.000000
168.964509
51.000000
14.110409
51.000000
1.176605
51.000000
22.116618
51.000000
2.312787
51.000000
11.293390
51.000000
166.516957
51.000000
14.361076
51.000000
1.187782
51.000000
22.600167
51.000000
2.390170
51.000000
11.997461
51.000000
212.853682
51.000000
14.042026
51.000000
1.177883
51.000000
22.578239
51.000000
2.329244
51.000000
11.174090
51.000000
172.013701
51.000000
14.189443
51.000000
1.189495
51.000000
22.597250
50.000000
2.290423
50.000000
11.090321
50.000000
166.539781
50.000000
14.122139
50.000000
1.168839
50.000000
22.420844
51.000000
2.375268
51.000000
11.096726
51.000000
179.656753
51.000000
13.774869
51.000000
1.192258
51.000000
22.093552
51.000000
2.341895
51.000000
11.708478
51.000000
224.185698
51.000000
14.247649
51.000000
1.174467
51.000000
22.351654
51.000000
2.274283
51.000000
11.433700
51.000000
178.925845
51.000000
14.127508
51.000000
1.182616
51.000000
22.292095
51.000000
2.302327
51.000000
11.860203
51.000000
163.334501
51.000000
14.076638
51.000000
1.176068
51.000000
22.356981
51.000000
2.288295
51.000000
11.536469
51.000000
168.841907
51.000000
14.223657
51.000000
1.191387
51.000000
22.339197
52.000000
2.294925
52.000000
11.003440
52.000000
223.188486
52.000000
14.110663
52.000000
1.179455
52.000000
22.225597
51.000000
2.323684
51.000000
11.753376
51.000000
169.578476
51.000000
13.971563
51.000000
1.191502
51.000000
22.478700
51.000000
2.308250
51.000000
11.573880
51.000000
166.729129
51.000000
14.097892
51.000000
1.174042
51.000000
22.443055
51.000000
2.288042
51.000000
11.595676
51.000000
161.288030
51.000000
14.120947
51.000000
1.180123
51.000000
22.378560
52.000000
2.299530
52.000000
11.662822
52.000000
216.967880
52.000000
14.471773
52.000000
1.181594
52.000000
22.600781
53.000000
2.291855
53.000000
10.649048
53.000000
172.655949
53.000000
14.134917
53.000000
1.180528
53.000000
22.502859
51.000000
2.286606
51.000000
11.355526
51.000000
159.905695
51.000000
13.975715
51.000000
1.192920
51.000000
22.456439
52.000000
2.280137
52.000000
11.461308
52.000000
168.739930
52.000000
14.075816
52.000000
1.179659
52.000000
22.467685
51.000000
2.266487
51.000000
11.429446
51.000000
216.252739
51.000000
14.175589
51.000000
1.184781
51.000000
22.302054
50.000000
2.303185
50.000000
10.446583
50.000000
173.762040
50.000000
14.135666
50.000000
1.173538
50.000000
22.250615
50.000000
2.305045
50.000000
11.817102
50.000000
171.409483
50.000000
14.172530
50.000000
1.180265
50.000000
22.270000
52.000000
2.283363
52.000000
11.662867
52.000000
165.058760
52.000000
13.971907
52.000000
1.179197
52.000000
22.476350
53.000000
2.310025
53.000000
11.105265
53.000000
177.604507
53.000000
14.030846
53.000000
1.177851
53.000000
70.468278
49.000000
2.281074
49.000000
10.673281
49.000000
176.034264
49.000000
14.167336
49.000000
1.185549
49.000000
23.033621
51.000000
2.299483
51.000000
11.581693
51.000000
167.793154
51.000000
14.201250
51.000000
1.188238
51.000000
22.310045
52.000000
2.320355
52.000000
12.470668
52.000000
170.440204
52.000000
13.949926
52.000000
1.175412
52.000000
22.662033
51.000000
2.295596
51.000000
11.189365
51.000000
169.654440
51.000000
14.098711
51.000000
1.179416
51.000000
22.338086
50.000000
2.305888
50.000000
63.125196
50.000000
173.921192
50.000000
14.091954
50.000000
1.183728
50.000000
22.509796
52.000000
2.298805
52.000000
10.544556
52.000000
155.782746
52.000000
14.096243
52.000000
1.188462
52.000000
22.301966
54.000000
2.320420
54.000000
11.197301
54.000000
167.225200
54.000000
14.166064
54.000000
1.180302
54.000000
22.342497
52.000000
2.373622
52.000000
9.885045
52.000000
171.107483
52.000000
14.095275
52.000000
1.188811
52.000000
22.352571
52.000000
2.294525
52.000000
11.193630
52.000000
219.013505
52.000000
14.384287
52.000000
1.191036
52.000000
22.380994
50.000000
2.290234
50.000000
11.505809
50.000000
181.817676
50.000000
14.017087
50.000000
1.176324
50.000000
22.493935
53.000000
2.305108
53.000000
11.088201
53.000000
174.881437
53.000000
14.146788
53.000000
1.191491
53.000000
22.487622
55.000000
2.335418
55.000000
12.025456
55.000000
165.392186
55.000000
14.139945
55.000000
1.173143
55.000000
22.101719
51.000000
2.288558
51.000000
10.955098
51.000000
216.010812
51.000000
14.152183
51.000000
1.189234
51.000000
22.179182
51.000000
2.314288
51.000000
10.911220
51.000000
180.319885
51.000000
14.159002
51.000000
1.176690
51.000000
22.176529
53.000000
2.297638
53.000000
11.790941
53.000000
161.307003
53.000000
14.118516
53.000000
1.178585
53.000000
22.398234
52.000000
2.357006
52.000000
12.326762
52.000000
178.645240
52.000000
14.205973
52.000000
1.184228
52.000000
22.354212
51.000000
2.315880
51.000000
11.446810
51.000000
223.377882
51.000000
13.447884
51.000000
1.179987
51.000000
22.404302
51.000000
2.270889
51.000000
11.247917
51.000000
166.430304
51.000000
14.062235
51.000000
1.195102
51.000000
22.469047
51.000000
2.279935
51.000000
11.180931
51.000000
156.409456
51.000000
14.172888
51.000000
1.181166
51.000000
22.254029
52.000000
2.296397
52.000000
11.300288
52.000000
171.532009
52.000000
14.133230
52.000000
1.173325
52.000000
22.574504
52.000000
2.294643
52.000000
11.568899
52.000000
213.082372
52.000000
14.224597
52.000000
1.185041
52.000000
22.042242
51.000000
2.266700
51.000000
11.121425
51.000000
174.914954
51.000000
13.998255
51.000000
1.185819
51.000000
22.073094
52.000000
2.316138
52.000000
11.898540
52.000000
169.248711
52.000000
14.018346
52.000000
1.179174
52.000000
22.318295
52.000000
2.356809
52.000000
11.648305
52.000000
171.947568
52.000000
13.273571
52.000000
1.179947
52.000000
22.561924
53.000000
2.291265
53.000000
11.741294
53.000000
172.124376
53.000000
13.998383
53.000000
1.178105
53.000000
74.396517
50.000000
2.327052
50.000000
12.236419
50.000000
170.803373
50.000000
13.982613
50.000000
1.194060
50.000000
22.503535
52.000000
2.287786
52.000000
11.680587
52.000000
166.937915
52.000000
13.939637
52.000000
1.186718
52.000000
22.465849
53.000000
2.415183
53.000000
12.210306
53.000000
170.886425
53.000000
13.928352
53.000000
1.173566
53.000000
22.425606
51.000000
2.314802
51.000000
11.409050
51.000000
169.806796
51.000000
14.098516
51.000000
1.185219
51.000000
22.278746
43.000000
2.303285
43.000000
10.383534
43.000000
170.234870
43.000000
14.196296
43.000000
1.183713
43.000000
22.294993
53.000000
2.307561
53.000000
11.379063
53.000000
175.227335
53.000000
14.115113
53.000000
1.172872
53.000000
22.617454
52.000000
2.295941
52.000000
11.421952
52.000000
169.275635
52.000000
14.024477
52.000000
1.172548
52.000000
22.301690
51.000000
2.282091
51.000000
11.483757
51.000000
162.239563
51.000000
14.124887
51.000000
1.181860
51.000000
22.345669
53.000000
2.316583
53.000000
11.330063
53.000000
219.354254
53.000000
14.287480
53.000000
1.188931
53.000000
22.196236
53.000000
2.286419
53.000000
12.093009
53.000000
174.292279
53.000000
14.223485
53.000000
1.171853
53.000000
22.275958
52.000000
2.291495
52.000000
11.460838
52.000000
172.382536
52.000000
14.025502
52.000000
1.183629
52.000000
22.337844
51.000000
2.318014
51.000000
12.494664
51.000000
174.029234
51.000000
14.078670
51.000000
1.175372
51.000000
22.296341
52.000000
2.300026
52.000000
12.005416
52.000000
221.628393
52.000000
13.947178
52.000000
1.176523
52.000000
22.018675
51.000000
2.294099
51.000000
11.265110
51.000000
174.933679
51.000000
13.981148
51.000000
1.182469
51.000000
22.337632
53.000000
2.291772
53.000000
11.612999
53.000000
176.548427
53.000000
14.068325
53.000000
1.179308
53.000000
22.443169
52.000000
2.274677
52.000000
11.459902
52.000000
176.447347
52.000000
14.047299
52.000000
1.180928
52.000000
22.326625
53.000000
2.280936
53.000000
11.663070
53.000000
216.383203
53.000000
14.208180
53.000000
1.195123
53.000000
22.276259
51.000000
2.301279
51.000000
11.510592
51.000000
168.260445
51.000000
14.051382
51.000000
1.191108
51.000000
22.333966
51.000000
2.270229
51.000000
10.892918
51.000000
176.706177
51.000000
14.364261
51.000000
1.173241
51.000000
22.277216
51.000000
2.298836
51.000000
11.358993
51.000000
154.244216
51.000000
14.184764
51.000000
1.181951
51.000000
22.418403
51.000000
2.269510
51.000000
10.861818
51.000000
218.051666
51.000000
14.092491
51.000000
1.187493
51.000000
22.410318
52.000000
2.288917
52.000000
11.400433
52.000000
177.316052
52.000000
13.252747
52.000000
1.180106
52.000000
22.181155
53.000000
2.304264
53.000000
11.800061
53.000000
167.905036
53.000000
13.195962
53.000000
1.172198
53.000000
22.269541
54.000000
2.321101
54.000000
11.422577
54.000000
157.750113
54.000000
14.116226
54.000000
1.188521
54.000000
22.339946
52.000000
2.335715
52.000000
11.763558
52.000000
226.400907
52.000000
14.171098
52.000000
1.174983
52.000000
22.553203
51.000000
2.274135
51.000000
11.692363
51.000000
170.675980
51.000000
13.978575
51.000000
1.172122
51.000000
22.526868
51.000000
2.294796
51.000000
11.642326
51.000000
175.435708
51.000000
14.304703
51.000000
1.176196
51.000000
22.304555
52.000000
2.268174
52.000000
11.383012
52.000000
184.022658
52.000000
14.069799
52.000000
1.183157
52.000000
22.480145
51.000000
2.315197
51.000000
11.891892
51.000000
228.164914
51.000000
14.267614
51.000000
1.181435
51.000000
22.539521
51.000000
2.297656
51.000000
11.497055
51.000000
170.344085
51.000000
14.068790
51.000000
1.176372
51.000000
22.194691
51.000000
2.276737
51.000000
11.106246
51.000000
168.843340
51.000000
14.533693
51.000000
1.176389
51.000000
22.223770
53.000000
2.298786
53.000000
11.941564
53.000000
166.439327
53.000000
14.364336
53.000000
1.183348
53.000000
22.544978
51.000000
2.325620
51.000000
10.112197
51.000000
169.413639
51.000000
14.042586
51.000000
1.203383
51.000000
71.457847
47.000000
2.292283
47.000000
11.292263
47.000000
173.171803
47.000000
14.150257
47.000000
1.183674
47.000000
22.511942
50.000000
2.287845
50.000000
10.949682
50.000000
171.478368
50.000000
14.127458
50.000000
1.183705
50.000000
22.581217
52.000000
2.378905
52.000000
11.239345
52.000000
174.469148
52.000000
14.183084
52.000000
1.187061
52.000000
22.361150
51.000000
2.366974
51.000000
11.861627
51.000000
169.486271
51.000000
14.072501
51.000000
1.186053
51.000000
22.550883
51.000000
2.295495
51.000000
11.649604
51.000000
225.887004
51.000000
14.225119
51.000000
1.175730
51.000000
22.173548
52.000000
2.293952
52.000000
11.778502
52.000000
161.475945
52.000000
14.018073
52.000000
1.180511
52.000000
22.336209
52.000000
2.305583
52.000000
11.256033
52.000000
169.818297
52.000000
13.998514
52.000000
1.173527
52.000000
22.482314
51.000000
2.297658
51.000000
11.121133
51.000000
173.869929
51.000000
14.178835
51.000000
1.172081
51.000000
22.321858
52.000000
2.306795
52.000000
11.087306
52.000000
213.711750
52.000000
14.519599
52.000000
1.175053
52.000000
22.325151
52.000000
2.272537
52.000000
10.793961
52.000000
175.377279
52.000000
14.063822
52.000000
1.185710
52.000000
22.505332
52.000000
2.292268
52.000000
11.435917
52.000000
175.721129
52.000000
14.089212
52.000000
1.186182
52.000000
22.120377
52.000000
2.311477
52.000000
11.747987
52.000000
168.917892
52.000000
14.284951
52.000000
1.182934
52.000000
22.286965
51.000000
2.337840
51.000000
10.985775
51.000000
222.998332
51.000000
14.034240
51.000000
1.188509
51.000000
22.565079
51.000000
2.331025
51.000000
11.104441
51.000000
171.906306
51.000000
14.249749
51.000000
1.180129
51.000000
22.136490
52.000000
2.322455
52.000000
10.934459
52.000000
186.709969
52.000000
14.104815
52.000000
1.173243
52.000000
22.182598
53.000000
2.347188
53.000000
11.749655
53.000000
167.501731
53.000000
14.037640
53.000000
1.178779
53.000000
22.220149
52.000000
2.273044
52.000000
11.710398
52.000000
226.319235
52.000000
14.345529
52.000000
1.190922
52.000000
