53.762908
38.000000
9.656423
38.000000
27.086619
38.000000
401.949097
38.000000
33.246539
38.000000
2.759581
38.000000
52.460553
38.000000
5.348711
38.000000
26.921028
38.000000
401.255029
38.000000
32.852124
38.000000
2.760934
38.000000
51.994888
39.000000
5.288235
39.000000
30.260907
39.000000
400.820150
39.000000
33.241473
39.000000
2.774493
39.000000
51.947130
38.000000
5.343687
38.000000
26.040329
38.000000
450.593065
38.000000
32.898818
38.000000
2.745121
38.000000
51.664295
39.000000
5.267118
39.000000
25.591511
39.000000
412.332948
39.000000
33.144720
39.000000
2.779819
39.000000
51.616839
40.000000
5.321316
40.000000
72.830267
40.000000
416.741427
40.000000
32.899956
40.000000
2.755735
40.000000
51.749966
39.000000
5.337072
39.000000
26.759160
39.000000
459.729985
39.000000
32.838843
39.000000
2.750142
39.000000
51.324222
40.000000
5.292541
40.000000
27.362568
40.000000
401.306223
40.000000
32.810136
40.000000
2.768381
40.000000
51.962020
38.000000
5.317562
38.000000
26.384811
38.000000
454.920257
38.000000
32.405703
38.000000
2.781466
38.000000
52.114675
40.000000
5.255319
40.000000
27.848794
40.000000
410.999580
40.000000
32.885472
40.000000
2.734566
40.000000
52.233069
43.000000
5.388348
43.000000
25.524280
43.000000
455.480697
43.000000
33.384222
43.000000
2.776380
43.000000
51.779706
39.000000
5.284887
39.000000
25.464518
39.000000
387.925289
39.000000
32.878772
39.000000
2.735673
39.000000
52.086170
40.000000
5.272989
40.000000
29.772521
40.000000
459.643910
40.000000
33.029734
40.000000
2.759570
40.000000
51.825382
39.000000
5.321484
39.000000
26.522518
39.000000
481.413896
39.000000
33.166821
39.000000
2.767795
39.000000
51.442673
39.000000
5.382678
39.000000
27.588746
39.000000
409.195826
39.000000
32.421421
39.000000
2.776274
39.000000
52.322801
38.000000
5.336737
38.000000
27.109568
38.000000
454.796219
38.000000
33.232665
38.000000
2.790058
38.000000
51.974991
40.000000
5.226409
40.000000
27.352795
40.000000
407.375733
40.000000
33.207248
40.000000
2.800616
40.000000
52.030456
39.000000
5.314394
39.000000
27.658555
39.000000
442.651979
39.000000
33.323577
39.000000
2.755192
39.000000
51.735791
38.000000
5.371331
38.000000
27.158182
38.000000
383.570765
38.000000
33.174902
38.000000
2.757112
38.000000
52.950902
39.000000
5.359770
39.000000
26.278246
39.000000
441.543122
39.000000
33.272874
39.000000
2.753750
39.000000
52.162864
38.000000
5.303807
38.000000
27.392603
38.000000
417.064383
38.000000
32.595198
38.000000
50.843706
38.000000
51.255749
39.000000
5.266767
39.000000
27.565230
39.000000
403.655718
39.000000
32.716959
39.000000
2.782279
39.000000
52.583450
38.000000
5.337178
38.000000
27.628733
38.000000
460.118583
38.000000
32.619186
38.000000
2.755043
38.000000
52.254133
38.000000
5.295630
38.000000
27.039923
38.000000
421.140366
38.000000
32.924401
38.000000
2.757042
38.000000
52.105979
39.000000
5.307851
39.000000
25.933943
39.000000
452.446897
39.000000
33.133572
39.000000
2.761548
39.000000
51.486658
40.000000
5.262190
40.000000
27.331248
40.000000
388.623212
40.000000
32.586097
40.000000
2.771953
40.000000
51.799870
38.000000
5.260247
38.000000
27.579302
38.000000
412.649452
38.000000
32.923548
38.000000
2.748145
38.000000
53.378360
38.000000
5.272716
38.000000
26.910992
38.000000
401.995376
38.000000
32.964265
38.000000
2.747647
38.000000
52.361479
38.000000
5.296885
38.000000
26.961415
38.000000
399.604980
38.000000
33.108640
38.000000
2.756620
38.000000
51.850425
38.000000
5.438033
38.000000
27.841273
38.000000
423.573810
38.000000
33.084639
38.000000
2.765325
38.000000
51.499557
38.000000
5.338424
38.000000
27.900741
38.000000
390.100066
38.000000
33.050455
38.000000
2.762308
38.000000
52.226235
38.000000
5.269476
38.000000
27.942914
38.000000
456.790719
38.000000
33.579617
38.000000
2.784989
38.000000
51.642087
39.000000
5.361504
39.000000
25.950876
39.000000
418.249976
39.000000
32.713498
39.000000
2.757749
39.000000
51.800116
39.000000
5.355828
39.000000
27.528568
39.000000
449.589250
39.000000
33.561894
39.000000
2.767300
39.000000
51.705962
39.000000
5.320441
39.000000
26.114824
39.000000
380.881873
39.000000
32.932875
39.000000
2.764637
39.000000
52.121139
39.000000
5.272250
39.000000
27.196844
39.000000
433.785623
39.000000
33.024168
39.000000
2.768213
39.000000
51.897513
38.000000
5.376325
38.000000
25.755847
38.000000
420.119085
38.000000
85.107868
38.000000
2.750293
38.000000
51.878369
39.000000
5.330944
39.000000
26.472628
39.000000
405.603612
39.000000
32.896008
39.000000
2.755742
39.000000
52.327345
39.000000
5.347765
39.000000
27.007719
39.000000
433.908042
39.000000
33.517818
39.000000
2.770388
39.000000
51.507006
40.000000
5.317184
40.000000
27.446908
40.000000
388.870971
40.000000
32.632730
40.000000
2.748363
40.000000
52.729814
39.000000
5.317567
39.000000
26.942040
39.000000
456.966525
39.000000
32.714620
39.000000
2.752647
39.000000
51.986564
39.000000
5.255266
39.000000
26.138937
39.000000
414.071816
39.000000
33.354363
39.000000
2.759510
39.000000
51.532369
39.000000
5.285694
39.000000
25.557260
39.000000
465.083389
39.000000
33.068270
39.000000
2.744721
39.000000
52.346324
40.000000
5.269669
40.000000
26.605865
40.000000
394.331996
40.000000
32.733779
40.000000
2.814290
40.000000
99.687980
38.000000
5.382924
38.000000
26.650862
38.000000
394.917074
38.000000
33.038500
38.000000
2.776835
38.000000
51.981720
40.000000
5.390584
40.000000
26.771496
40.000000
453.065378
40.000000
33.472137
40.000000
2.794653
40.000000
51.312683
38.000000
5.415199
38.000000
27.435510
38.000000
390.024766
38.000000
32.939938
38.000000
2.776132
38.000000
51.985625
38.000000
5.298149
38.000000
25.479417
38.000000
439.908696
38.000000
33.415009
38.000000
2.757578
38.000000
52.187197
39.000000
5.349277
39.000000
27.588290
39.000000
394.695956
39.000000
32.995465
39.000000
2.742516
39.000000
52.308065
38.000000
5.360463
38.000000
25.730779
38.000000
441.957470
38.000000
32.673345
38.000000
2.768705
38.000000
51.681555
40.000000
5.368360
40.000000
27.834720
40.000000
373.333647
40.000000
33.001849
40.000000
2.771085
40.000000
51.906689
39.000000
5.269184
39.000000
27.121505
39.000000
446.764892
39.000000
33.147806
39.000000
2.757260
39.000000
52.929359
39.000000
5.311403
39.000000
27.740798
39.000000
401.953319
39.000000
32.727210
39.000000
2.766551
39.000000
104.218624
38.000000
5.385952
38.000000
26.731806
38.000000
407.384203
38.000000
32.924039
38.000000
2.784759
38.000000
52.377927
40.000000
5.372581
40.000000
27.266731
40.000000
454.387470
40.000000
33.068993
40.000000
2.750240
40.000000
52.211134
38.000000
5.293549
38.000000
24.858436
38.000000
354.020284
38.000000
32.983584
38.000000
2.758872
38.000000
51.973682
39.000000
5.274376
39.000000
26.697778
39.000000
446.386618
39.000000
33.127674
39.000000
2.759553
39.000000
51.921088
39.000000
5.282045
39.000000
27.698562
39.000000
400.029865
39.000000
32.586978
39.000000
2.775739
39.000000
51.761300
39.000000
5.322495
39.000000
26.846515
39.000000
455.792767
39.000000
33.144978
39.000000
2.770251
39.000000
52.216100
39.000000
5.350424
39.000000
25.418634
39.000000
393.405397
39.000000
33.115247
39.000000
2.767054
39.000000
52.143878
40.000000
5.406804
40.000000
23.617425
40.000000
454.785885
40.000000
32.884432
40.000000
2.745393
40.000000
51.826734
38.000000
5.271015
38.000000
26.189813
38.000000
396.474662
38.000000
33.062260
38.000000
2.766182
38.000000
80.140615
39.000000
5.477692
39.000000
27.037962
39.000000
391.974145
39.000000
32.676070
39.000000
2.768843
39.000000
52.292717
39.000000
5.239707
39.000000
28.419397
39.000000
432.951552
39.000000
33.047750
39.000000
2.767428
39.000000
51.577975
39.000000
5.307827
39.000000
26.534619
39.000000
399.502148
39.000000
32.963511
39.000000
2.786849
39.000000
52.066366
38.000000
5.265229
38.000000
27.135783
38.000000
449.452292
38.000000
33.095355
38.000000
2.760959
38.000000
52.042681
40.000000
5.342961
40.000000
26.696687
40.000000
386.441271
40.000000
32.717709
40.000000
2.780621
40.000000
51.790683
40.000000
5.297488
40.000000
27.466181
40.000000
430.820405
40.000000
32.903485
40.000000
2.769567
40.000000
52.319827
38.000000
5.340599
38.000000
27.882807
38.000000
400.807119
38.000000
32.372649
38.000000
2.755971
38.000000
51.834503
39.000000
5.277288
39.000000
24.403234
39.000000
438.732905
39.000000
32.785355
39.000000
2.774371
39.000000
52.754610
39.000000
5.248244
39.000000
27.725463
39.000000
397.832640
39.000000
32.836966
39.000000
2.793895
39.000000
100.075654
39.000000
5.299606
39.000000
27.131378
39.000000
389.798459
39.000000
33.346128
39.000000
2.773421
39.000000
51.918234
39.000000
5.263324
39.000000
26.657470
39.000000
452.239050
39.000000
32.992897
39.000000
2.755361
39.000000
51.393267
39.000000
5.345466
39.000000
26.494386
39.000000
404.051956
39.000000
32.679110
39.000000
2.770646
39.000000
51.528799
38.000000
5.321773
38.000000
26.401651
38.000000
416.461762
38.000000
33.151484
38.000000
2.770165
38.000000
52.276946
38.000000
5.308673
38.000000
28.014352
38.000000
399.572935
38.000000
33.660191
38.000000
2.753190
38.000000
51.924894
38.000000
5.485182
38.000000
25.625298
38.000000
446.655963
38.000000
32.715000
38.000000
2.766039
38.000000
52.254834
41.000000
5.267676
41.000000
25.987551
41.000000
353.883972
41.000000
32.760253
41.000000
2.744570
41.000000
52.474185
40.000000
5.342055
40.000000
27.245262
40.000000
445.859450
40.000000
32.927352
40.000000
2.760562
40.000000
52.518705
39.000000
5.421632
39.000000
26.314169
39.000000
380.007875
39.000000
32.933114
39.000000
2.768435
39.000000
52.156347
38.000000
5.321780
38.000000
26.053629
38.000000
394.752158
38.000000
32.579555
38.000000
2.741620
38.000000
52.210632
39.000000
5.299683
39.000000
27.762645
39.000000
452.873104
39.000000
33.110408
39.000000
2.753996
39.000000
51.696626
39.000000
5.289162
39.000000
24.661200
39.000000
402.817514
39.000000
33.031640
39.000000
2.762926
39.000000
52.090560
38.000000
5.348404
38.000000
26.369469
38.000000
452.822879
38.000000
32.970493
38.000000
2.748637
38.000000
52.020404
38.000000
5.299051
38.000000
28.600087
38.000000
405.322830
38.000000
32.495717
38.000000
2.761490
38.000000
52.430312
41.000000
5.295339
41.000000
27.030606
41.000000
459.899726
41.000000
32.891984
41.000000
2.796055
41.000000
51.619821
38.000000
5.366674
38.000000
26.166462
38.000000
420.205791
38.000000
32.898717
38.000000
2.762944
38.000000
51.942988
40.000000
5.382932
40.000000
75.292117
40.000000
388.546930
40.000000
32.801262
40.000000
2.732924
40.000000
52.078297
39.000000
5.342540
39.000000
26.965735
39.000000
398.811607
39.000000
85.116502
39.000000
2.774727
39.000000
52.695472
39.000000
5.300247
39.000000
26.677908
39.000000
391.270603
39.000000
33.666653
39.000000
2.759531
39.000000
51.950569
43.000000
5.312210
43.000000
27.325081
43.000000
425.430903
43.000000
33.152726
43.000000
2.748660
43.000000
51.808951
38.000000
5.370723
38.000000
26.077674
38.000000
404.912751
38.000000
32.965871
38.000000
2.747457
38.000000
51.920325
38.000000
5.334330
38.000000
27.730139
38.000000
437.799086
38.000000
33.070245
38.000000
2.756625
38.000000
51.723752
38.000000
5.326735
38.000000
25.888289
38.000000
387.953824
38.000000
32.824061
38.000000
2.774763
38.000000
51.934260
41.000000
5.342919
41.000000
26.903251
41.000000
433.666917
41.000000
33.060167
41.000000
2.745401
41.000000
52.316397
38.000000
5.405364
38.000000
26.012372
38.000000
420.088939
38.000000
32.789800
38.000000
2.767488
38.000000
51.834950
39.000000
5.311108
39.000000
76.103729
39.000000
386.358575
39.000000
32.923097
39.000000
2.751040
39.000000
51.982290
40.000000
5.294223
40.000000
27.000798
40.000000
386.066087
40.000000
85.199201
40.000000
2.758909
40.000000
71.298305
39.000000
5.287942
39.000000
26.045468
39.000000
400.715218
39.000000
32.021069
39.000000
2.757569
39.000000
52.401269
40.000000
5.304553
40.000000
24.453883
40.000000
464.271100
40.000000
33.645117
40.000000
2.767183
40.000000
52.442964
40.000000
5.322274
40.000000
25.872291
40.000000
416.051726
40.000000
33.331695
40.000000
2.766197
40.000000
52.047475
41.000000
5.285688
41.000000
29.105156
41.000000
459.837906
41.000000
33.205629
41.000000
2.782136
41.000000
52.132265
38.000000
5.282798
38.000000
26.304622
38.000000
399.037782
38.000000
32.813461
38.000000
2.761658
38.000000
52.016010
39.000000
5.309835
39.000000
77.798822
39.000000
384.770964
39.000000
33.296336
39.000000
2.769155
39.000000
52.248515
38.000000
5.274676
38.000000
26.887713
38.000000
383.428008
38.000000
32.712597
38.000000
2.745860
38.000000
100.120585
39.000000
5.327046
39.000000
26.887741
39.000000
394.283320
39.000000
33.159115
39.000000
2.776028
39.000000
51.939794
38.000000
5.305122
38.000000
29.264120
38.000000
439.137504
38.000000
33.278853
38.000000
2.761962
38.000000
51.971577
38.000000
5.197721
38.000000
26.391477
38.000000
388.502854
38.000000
33.474594
38.000000
2.747890
38.000000
51.442575
38.000000
5.254684
38.000000
27.512499
38.000000
462.287257
38.000000
32.651499
38.000000
2.781076
38.000000
51.771179
40.000000
5.421033
40.000000
27.160609
40.000000
416.558101
40.000000
32.847684
40.000000
2.758768
40.000000
52.112370
38.000000
5.285433
38.000000
25.599527
38.000000
434.876312
38.000000
33.544983
38.000000
2.768684
38.000000
52.359190
39.000000
5.324341
39.000000
27.274061
39.000000
395.362959
39.000000
32.853065
39.000000
2.785324
39.000000
52.256975
39.000000
5.361288
39.000000
78.580030
39.000000
411.359687
39.000000
32.620964
39.000000
2.750935
39.000000
51.804092
40.000000
5.348200
40.000000
26.876689
40.000000
437.681435
40.000000
32.978224
40.000000
2.777551
40.000000
52.021343
39.000000
5.236192
39.000000
28.295372
39.000000
390.371396
39.000000
32.789737
39.000000
2.772287
39.000000
51.917853
39.000000
5.353081
39.000000
27.908268
39.000000
438.640622
39.000000
33.165306
39.000000
2.763933
39.000000
52.281675
39.000000
5.334522
39.000000
27.382354
39.000000
418.755935
39.000000
32.455090
39.000000
2.743651
39.000000
52.274251
39.000000
5.259637
39.000000
27.288279
39.000000
434.632554
39.000000
33.285236
39.000000
2.777870
39.000000
52.434563
39.000000
5.312780
39.000000
28.391688
39.000000
383.147359
39.000000
32.790015
39.000000
2.753700
39.000000
52.517708
39.000000
5.284760
39.000000
26.470279
39.000000
448.952609
39.000000
32.817571
39.000000
2.768459
39.000000
52.127507
39.000000
5.372632
39.000000
26.032423
39.000000
408.673392
39.000000
32.910349
39.000000
2.764583
39.000000
100.143576
39.000000
5.399032
39.000000
25.811726
39.000000
389.561484
39.000000
33.043447
39.000000
2.760536
39.000000
52.380117
40.000000
5.343340
40.000000
26.680438
40.000000
439.085072
40.000000
32.871606
40.000000
2.776069
40.000000
52.287132
41.000000
5.337414
41.000000
27.320101
41.000000
420.496678
41.000000
31.897628
41.000000
2.771207
41.000000
51.675097
40.000000
5.254685
40.000000
25.810130
40.000000
462.676730
40.000000
32.591912
40.000000
2.744114
40.000000
52.387588
39.000000
5.338685
39.000000
26.291151
39.000000
417.056052
39.000000
32.896576
39.000000
2.755527
39.000000
52.244423
41.000000
5.289787
41.000000
25.748504
41.000000
428.099966
41.000000
32.542293
41.000000
2.753856
41.000000
51.705519
39.000000
5.293901
39.000000
27.567715
39.000000
396.740564
39.000000
32.760066
39.000000
2.740902
39.000000
52.164191
38.000000
5.316628
38.000000
28.629356
38.000000
392.825576
38.000000
33.488229
38.000000
2.746808
38.000000
52.151605
39.000000
5.324988
39.000000
28.213760
39.000000
459.407435
39.000000
33.044861
39.000000
2.747665
39.000000
51.688403
40.000000
5.359493
40.000000
26.645666
40.000000
410.192138
40.000000
33.362243
40.000000
2.748189
40.000000
51.772903
39.000000
5.283731
39.000000
25.178576
39.000000
455.024274
39.000000
33.011416
39.000000
2.790805
39.000000
51.576839
40.000000
5.302849
40.000000
26.907984
40.000000
413.096054
40.000000
32.984626
40.000000
2.745727
40.000000
51.992968
40.000000
5.359953
40.000000
27.069957
40.000000
453.957628
40.000000
33.531265
40.000000
2.777987
40.000000
52.317569
40.000000
5.383781
40.000000
27.261571
40.000000
390.001976
40.000000
32.784918
40.000000
2.748012
40.000000
52.107048
41.000000
5.319405
41.000000
75.495731
41.000000
391.798857
41.000000
33.020069
41.000000
2.783367
41.000000
52.233804
39.000000
5.263657
39.000000
26.266346
39.000000
377.408502
39.000000
32.753201
39.000000
50.824463
39.000000
51.749237
39.000000
5.388109
39.000000
28.195807
39.000000
404.821637
39.000000
32.758468
39.000000
2.755574
39.000000
51.955701
40.000000
5.334806
40.000000
27.038075
40.000000
449.370922
40.000000
32.948300
40.000000
2.778929
40.000000
52.388606
41.000000
5.311580
41.000000
26.799746
41.000000
367.938111
41.000000
33.065109
41.000000
2.743247
41.000000
52.182226
38.000000
5.306921
38.000000
26.654660
38.000000
429.925298
38.000000
32.961953
38.000000
2.758111
38.000000
51.595392
40.000000
5.297382
40.000000
27.579589
40.000000
392.516572
40.000000
32.805990
40.000000
2.761088
40.000000
52.018510
40.000000
5.349582
40.000000
26.410451
40.000000
436.624976
40.000000
32.344794
40.000000
2.756976
40.000000
52.301921
40.000000
5.284485
40.000000
25.749584
40.000000
398.846551
40.000000
32.948929
40.000000
2.739755
40.000000
51.979683
40.000000
5.263309
40.000000
26.753345
40.000000
457.534681
40.000000
33.126478
40.000000
2.747499
40.000000
51.812824
39.000000
5.390236
39.000000
28.092601
39.000000
389.832203
39.000000
32.789470
39.000000
2.755026
39.000000
103.605028
39.000000
5.377029
39.000000
25.730880
39.000000
412.169083
39.000000
33.035930
39.000000
2.762612
39.000000
52.395864
38.000000
5.369990
38.000000
28.330846
38.000000
431.697642
38.000000
33.612428
38.000000
2.748857
38.000000
52.009251
40.000000
5.326479
40.000000
26.235971
40.000000
401.242471
40.000000
32.794279
40.000000
2.765630
40.000000
51.513929
41.000000
5.333619
41.000000
26.577764
41.000000
470.084392
41.000000
33.146815
41.000000
2.759247
41.000000
51.983932
39.000000
5.328584
39.000000
27.134521
39.000000
389.535592
39.000000
33.016670
39.000000
2.753135
39.000000
52.223104
40.000000
5.291215
40.000000
24.231308
40.000000
439.262515
40.000000
32.725394
40.000000
2.765607
40.000000
51.921601
39.000000
5.281178
39.000000
27.687749
39.000000
413.908015
39.000000
33.018049
39.000000
2.770881
39.000000
99.554778
38.000000
5.334194
38.000000
27.365928
38.000000
398.870298
38.000000
32.693637
38.000000
2.758761
38.000000
51.895235
39.000000
5.266865
39.000000
26.355524
39.000000
447.587353
39.000000
32.769105
39.000000
2.781828
39.000000
53.995421
38.000000
5.282374
38.000000
26.499510
38.000000
389.390053
38.000000
33.566581
38.000000
2.761257
38.000000
52.386822
40.000000
5.294067
40.000000
26.562886
40.000000
460.375259
40.000000
32.868227
40.000000
2.766639
40.000000
51.642528
38.000000
5.433239
38.000000
26.151524
38.000000
419.411509
38.000000
33.127575
38.000000
2.761661
38.000000
51.881761
40.000000
5.352371
40.000000
25.890927
40.000000
431.491638
40.000000
33.185995
40.000000
2.750146
40.000000
51.827654
39.000000
5.299013
39.000000
26.693500
39.000000
408.243388
39.000000
33.345392
39.000000
2.781927
39.000000
51.757529
39.000000
5.345473
39.000000
77.157427
39.000000
410.797026
39.000000
32.901031
39.000000
2.761118
39.000000
51.281145
38.000000
5.330618
38.000000
27.225244
38.000000
400.523275
38.000000
81.032424
38.000000
2.749143
38.000000
51.636614
40.000000
5.289553
40.000000
24.623551
40.000000
410.917194
40.000000
32.741796
40.000000
2.765763
40.000000
52.109909
39.000000
5.357200
39.000000
27.119300
39.000000
449.448174
39.000000
32.950201
39.000000
2.763623
39.000000
51.668739
41.000000
5.327453
41.000000
26.615945
41.000000
403.415819
41.000000
33.465564
41.000000
2.758291
41.000000
52.039973
39.000000
5.354280
39.000000
28.157681
39.000000
457.978269
39.000000
32.749122
39.000000
2.769516
39.000000
51.923502
39.000000
5.321509
39.000000
28.269778
39.000000
378.267854
39.000000
32.752632
39.000000
2.753913
39.000000
52.127435
41.000000
5.321473
41.000000
26.345559
41.000000
439.129072
41.000000
33.044397
41.000000
2.773159
41.000000
51.964758
40.000000
5.337121
40.000000
25.716143
40.000000
405.511882
40.000000
32.790677
40.000000
2.764178
40.000000
99.963613
39.000000
5.319057
39.000000
26.941085
39.000000
383.608086
39.000000
32.674931
39.000000
2.758141
39.000000
52.035477
39.000000
5.360282
39.000000
25.170365
39.000000
463.037872
39.000000
33.199439
39.000000
2.761013
39.000000
51.915599
39.000000
5.352435
39.000000
26.845034
39.000000
400.951418
39.000000
33.112273
39.000000
2.767193
39.000000
51.977718
39.000000
5.401078
39.000000
26.224739
39.000000
458.851093
39.000000
33.158497
39.000000
2.771236
39.000000
52.131808
40.000000
5.364241
40.000000
25.815502
40.000000
403.651453
40.000000
33.003159
40.000000
2.760184
40.000000
52.042225
38.000000
5.260716
38.000000
25.721566
38.000000
464.414098
38.000000
32.847381
38.000000
2.791301
38.000000
52.144084
41.000000
5.318819
41.000000
26.937660
41.000000
393.213485
41.000000
32.657673
41.000000
2.755539
41.000000
51.874271
41.000000
5.333507
41.000000
75.465979
41.000000
409.562820
41.000000
32.790475
41.000000
2.730565
41.000000
52.009627
38.000000
5.264115
38.000000
25.608182
38.000000
366.720967
38.000000
80.813885
38.000000
2.756162
38.000000
52.145037
38.000000
5.263701
38.000000
25.343927
38.000000
415.326123
38.000000
32.162151
38.000000
2.747420
38.000000
52.060402
41.000000
5.337143
41.000000
27.209247
41.000000
452.414167
41.000000
33.301783
41.000000
2.773091
41.000000
52.596494
39.000000
5.312953
39.000000
26.945467
39.000000
408.819909
39.000000
33.206663
39.000000
2.779742
39.000000
51.996162
40.000000
5.322621
40.000000
26.731249
40.000000
436.141031
40.000000
32.925370
40.000000
2.790829
40.000000
52.042289
40.000000
5.366816
40.000000
24.934841
40.000000
410.531829
40.000000
32.730966
40.000000
2.774576
40.000000
51.946829
41.000000
5.345463
41.000000
26.000880
41.000000
446.358223
41.000000
33.071478
41.000000
2.782630
41.000000
52.047399
41.000000
5.325124
41.000000
27.191175
41.000000
414.503423
41.000000
32.845718
41.000000
2.738063
41.000000
103.850292
39.000000
5.249009
39.000000
28.283005
39.000000
401.008313
39.000000
33.257169
39.000000
2.753348
39.000000
52.035390
39.000000
5.387995
39.000000
25.790731
39.000000
459.467435
39.000000
33.269525
39.000000
2.746153
39.000000
51.649161
39.000000
5.343815
39.000000
28.422177
39.000000
406.756011
39.000000
32.931958
39.000000
2.776625
39.000000
52.483287
40.000000
5.332739
40.000000
27.973938
40.000000
434.939390
40.000000
33.106405
40.000000
2.753391
40.000000
51.971532
40.000000
5.423482
40.000000
28.392442
40.000000
401.609377
40.000000
32.972896
40.000000
2.780880
40.000000
52.095816
41.000000
5.474982
41.000000
27.299335
41.000000
459.426867
41.000000
32.166773
41.000000
2.747031
41.000000
52.210149
40.000000
5.249981
40.000000
23.638482
40.000000
416.440242
40.000000
33.223279
40.000000
2.793145
40.000000
99.910994
40.000000
5.354285
40.000000
25.077406
40.000000
387.641426
40.000000
33.032412
40.000000
2.759636
40.000000
51.892475
39.000000
5.324245
39.000000
25.653926
39.000000
444.111552
39.000000
32.096663
39.000000
2.753871
39.000000
52.095695
41.000000
5.332004
41.000000
25.571183
41.000000
405.172698
41.000000
33.010987
41.000000
2.785649
41.000000
51.876123
40.000000
5.348860
40.000000
26.361293
40.000000
418.451888
40.000000
33.119842
40.000000
2.750720
40.000000
51.682791
38.000000
5.377632
38.000000
26.844489
38.000000
403.501293
38.000000
32.777372
38.000000
2.769594
38.000000
51.682431
39.000000
5.370531
39.000000
27.434021
39.000000
429.386379
39.000000
32.702787
39.000000
2.757022
39.000000
52.710207
39.000000
5.337951
39.000000
26.046167
39.000000
397.656056
39.000000
32.198989
39.000000
2.765220
39.000000
51.526648
39.000000
5.412173
39.000000
26.896418
39.000000
451.721167
39.000000
33.170223
39.000000
2.749371
39.000000
52.229939
40.000000
5.332193
40.000000
27.067144
40.000000
400.959690
40.000000
32.971661
40.000000
2.739037
40.000000
103.788159
40.000000
5.346871
40.000000
25.746686
40.000000
406.420669
40.000000
32.794957
40.000000
2.749965
40.000000
51.699326
39.000000
5.362038
39.000000
26.438524
39.000000
440.163549
39.000000
33.006273
39.000000
2.748573
39.000000
52.343893
41.000000
5.382108
41.000000
26.457273
41.000000
390.776824
41.000000
32.107420
41.000000
2.793419
41.000000
51.608276
38.000000
5.512500
38.000000
27.652685
38.000000
432.017437
38.000000
32.972957
38.000000
2.781792
38.000000
52.130426
39.000000
5.289866
39.000000
26.155910
39.000000
403.214790
39.000000
32.563476
39.000000
2.769716
39.000000
51.899671
41.000000
5.336452
41.000000
25.942577
41.000000
442.328074
41.000000
33.214607
41.000000
2.755630
41.000000
52.582846
39.000000
5.442584
39.000000
26.067239
39.000000
418.862827
39.000000
32.851085
39.000000
2.783901
39.000000
51.809126
39.000000
5.396871
39.000000
75.293208
39.000000
400.338480
39.000000
32.953133
39.000000
2.758098
39.000000
51.860331
39.000000
5.356526
39.000000
27.060387
39.000000
465.844769
39.000000
32.951395
39.000000
2.756096
39.000000
52.246058
40.000000
5.320449
40.000000
27.782243
40.000000
382.917771
40.000000
32.933626
40.000000
2.792350
40.000000
52.057749
40.000000
5.295409
40.000000
26.863779
40.000000
444.234796
40.000000
32.889972
40.000000
2.755209
40.000000
51.568780
40.000000
5.355698
40.000000
25.852945
40.000000
407.903384
40.000000
32.680096
40.000000
2.768665
40.000000
52.184798
42.000000
5.396172
42.000000
27.247234
42.000000
441.290380
42.000000
33.060944
42.000000
2.768925
42.000000
51.569823
39.000000
5.320195
39.000000
26.590251
39.000000
387.318632
39.000000
33.020942
39.000000
2.741993
39.000000
52.267489
40.000000
5.376448
40.000000
26.943764
40.000000
427.173555
40.000000
32.947498
40.000000
2.738473
40.000000
52.173993
42.000000
5.285060
42.000000
27.444747
42.000000
394.303513
42.000000
32.915816
42.000000
2.750686
42.000000
52.953070
39.000000
5.342667
39.000000
77.184438
39.000000
401.635773
39.000000
32.912583
39.000000
2.761142
39.000000
52.517154
41.000000
5.305641
41.000000
26.742536
41.000000
375.436629
41.000000
80.488192
41.000000
2.762720
41.000000
51.999686
39.000000
5.318591
39.000000
26.770471
39.000000
391.330130
39.000000
32.885815
39.000000
2.764378
39.000000
52.073484
42.000000
5.382800
42.000000
26.454545
42.000000
433.083145
42.000000
32.727192
42.000000
2.793902
42.000000
52.025305
40.000000
5.397127
40.000000
24.370635
40.000000
405.930683
40.000000
32.846078
40.000000
2.780157
40.000000
52.136897
40.000000
5.251177
40.000000
27.894682
40.000000
448.385727
40.000000
32.939649
40.000000
2.767163
40.000000
52.020583
40.000000
5.335809
40.000000
27.443215
40.000000
389.527352
40.000000
32.863336
40.000000
2.755362
40.000000
52.427479
40.000000
5.358519
40.000000
26.289064
40.000000
459.495362
40.000000
32.728826
40.000000
2.772937
40.000000
51.830854
39.000000
5.470504
39.000000
24.909726
39.000000
409.892986
39.000000
32.709427
39.000000
2.734228
39.000000
105.532460
39.000000
5.360526
39.000000
27.052653
39.000000
392.812291
39.000000
32.826826
39.000000
2.756201
39.000000
52.262778
40.000000
5.352170
40.000000
28.930040
40.000000
448.749570
40.000000
33.033329
40.000000
2.748080
40.000000
52.207874
41.000000
5.387181
41.000000
25.812713
41.000000
398.634507
41.000000
32.788380
41.000000
2.779380
41.000000
52.351595
41.000000
5.336520
41.000000
25.384546
41.000000
452.165537
41.000000
32.937237
41.000000
2.787372
41.000000
52.398494
40.000000
5.351011
40.000000
24.241612
40.000000
357.421145
40.000000
33.000770
40.000000
2.782693
40.000000
52.270787
41.000000
5.387519
41.000000
25.919770
41.000000
442.287560
41.000000
32.686642
41.000000
2.769607
41.000000
52.221403
39.000000
5.282857
39.000000
23.122677
39.000000
399.648091
39.000000
32.948693
39.000000
2.778512
39.000000
52.083798
39.000000
5.278326
39.000000
25.663234
39.000000
447.816319
39.000000
32.362931
39.000000
2.764031
39.000000
51.778777
40.000000
5.294474
40.000000
26.815619
40.000000
423.098035
40.000000
33.213721
40.000000
2.760392
40.000000
100.089236
39.000000
5.301982
39.000000
25.757779
39.000000
407.963635
39.000000
33.473874
39.000000
2.779507
39.000000
52.189359
41.000000
5.292906
41.000000
28.039258
41.000000
439.521096
41.000000
32.815561
41.000000
2.776227
41.000000
51.565233
41.000000
5.424674
41.000000
25.110924
41.000000
391.682310
41.000000
33.171816
41.000000
2.784185
41.000000
52.045022
40.000000
5.302271
40.000000
25.464120
40.000000
468.966758
40.000000
32.927323
40.000000
2.770243
40.000000
51.617157
40.000000
5.352037
40.000000
27.599780
40.000000
376.947877
40.000000
32.819483
40.000000
2.771304
40.000000
52.159140
41.000000
5.343727
41.000000
27.852867
41.000000
465.891907
41.000000
33.036359
41.000000
2.778852
41.000000
51.916643
41.000000
5.308856
41.000000
26.513914
41.000000
397.666755
41.000000
32.637870
41.000000
2.743360
41.000000
52.257414
41.000000
5.373352
41.000000
74.694993
41.000000
388.254692
41.000000
33.370562
41.000000
2.748754
41.000000
52.164102
39.000000
5.320033
39.000000
26.248666
39.000000
365.198627
39.000000
32.965528
39.000000
2.751629
39.000000
104.366369
39.000000
5.341214
39.000000
26.540096
39.000000
397.927476
39.000000
32.776922
39.000000
2.772224
39.000000
52.112747
39.000000
5.234239
39.000000
26.961066
39.000000
434.285728
39.000000
32.869371
39.000000
2.789170
39.000000
51.959145
38.000000
5.264374
38.000000
26.144288
38.000000
405.469950
38.000000
33.117857
38.000000
2.777079
38.000000
52.147509
40.000000
5.295850
40.000000
27.602494
40.000000
441.008211
40.000000
32.745683
40.000000
2.766726
40.000000
52.165099
40.000000
5.332458
40.000000
27.441205
40.000000
401.725246
40.000000
32.652270
40.000000
2.756804
40.000000
52.062329
41.000000
5.355412
41.000000
27.234257
41.000000
452.603929
41.000000
32.900192
41.000000
2.748210
41.000000
51.478421
38.000000
5.264400
38.000000
28.467389
38.000000
398.638076
38.000000
32.938278
38.000000
2.762938
38.000000
52.031789
39.000000
5.289451
39.000000
75.746357
39.000000
390.404195
39.000000
32.838954
39.000000
2.755904
39.000000
51.854187
39.000000
5.307372
39.000000
28.379739
39.000000
384.424980
39.000000
81.077261
39.000000
2.783733
39.000000
52.051090
40.000000
5.229239
40.000000
26.341790
40.000000
397.827754
40.000000
32.914940
40.000000
2.750012
40.000000
51.392294
40.000000
5.372044
40.000000
24.195300
40.000000
442.882089
40.000000
33.302075
40.000000
2.755122
40.000000
51.415711
41.000000
5.320919
41.000000
27.199597
41.000000
410.501639
41.000000
32.722065
41.000000
2.782719
41.000000
51.679471
40.000000
5.314238
40.000000
26.751493
40.000000
445.842660
40.000000
33.197855
40.000000
2.761744
40.000000
52.136634
40.000000
5.355458
40.000000
26.836534
40.000000
380.838386
40.000000
32.010354
40.000000
2.742835
40.000000
51.358511
43.000000
5.343603
43.000000
26.381789
43.000000
446.821448
43.000000
33.286827
43.000000
2.788755
43.000000
51.591839
40.000000
5.209055
40.000000
28.177074
40.000000
407.145560
40.000000
33.289984
40.000000
2.767978
40.000000
103.538973
41.000000
5.293463
41.000000
26.862303
41.000000
400.768892
41.000000
32.840185
41.000000
2.756373
41.000000
51.758348
42.000000
5.282033
42.000000
28.720386
42.000000
452.795921
42.000000
33.005342
42.000000
2.754501
42.000000
52.071381
40.000000
5.344083
40.000000
27.948073
40.000000
402.617548
40.000000
33.112365
40.000000
2.752132
40.000000
52.174207
40.000000
5.362787
40.000000
26.120700
40.000000
455.186902
40.000000
32.876615
40.000000
2.760035
40.000000
51.892456
39.000000
5.298173
39.000000
26.807416
39.000000
411.182034
39.000000
32.714868
39.000000
2.741040
39.000000
51.447449
40.000000
5.263885
40.000000
26.982983
40.000000
462.863883
40.000000
32.736198
40.000000
2.751749
40.000000
51.816338
40.000000
5.377790
40.000000
27.069540
40.000000
385.393048
40.000000
32.990231
40.000000
2.763262
40.000000
51.662440
38.000000
5.312662
38.000000
26.853891
38.000000
395.534693
38.000000
33.660152
38.000000
2.760989
38.000000
51.504005
40.000000
5.363577
40.000000
25.283278
40.000000
463.735783
40.000000
33.388290
40.000000
2.754984
40.000000
51.608712
41.000000
5.309378
41.000000
26.482490
41.000000
361.360838
41.000000
32.988724
41.000000
2.747272
41.000000
51.681998
41.000000
5.309447
41.000000
25.103671
41.000000
449.371401
41.000000
32.725244
41.000000
2.758155
41.000000
52.062866
39.000000
5.343586
39.000000
26.575727
39.000000
413.757758
39.000000
32.483459
39.000000
2.768452
39.000000
51.624430
39.000000
5.354177
39.000000
27.641061
39.000000
439.604663
39.000000
32.814918
39.000000
2.746819
39.000000
51.862247
39.000000
5.343934
39.000000
26.854479
39.000000
369.734518
39.000000
33.058423
39.000000
2.768030
39.000000
52.010962
40.000000
5.263238
40.000000
27.165313
40.000000
453.507734
40.000000
32.851436
40.000000
2.762810
40.000000
52.291015
41.000000
5.351558
41.000000
27.552515
41.000000
399.779031
41.000000
33.118350
41.000000
2.761722
41.000000
103.872685
38.000000
5.377630
38.000000
27.267428
38.000000
409.745428
38.000000
32.955972
38.000000
2.763327
38.000000
52.077722
39.000000
5.372801
39.000000
26.839593
39.000000
476.573258
39.000000
32.844213
39.000000
2.772505
39.000000
52.297266
39.000000
5.260303
39.000000
27.438215
39.000000
421.895117
39.000000
32.552148
39.000000
2.783382
39.000000
51.942165
43.000000
5.263085
43.000000
26.925999
43.000000
443.780765
43.000000
32.781189
43.000000
2.773934
43.000000
52.143467
39.000000
5.268767
39.000000
25.750821
39.000000
391.208955
39.000000
32.839219
39.000000
2.743777
39.000000
52.124022
39.000000
5.318476
39.000000
27.026954
39.000000
439.340736
39.000000
33.345047
39.000000
2.766619
39.000000
52.148243
38.000000
5.327606
38.000000
24.192217
38.000000
396.160053
38.000000
32.808359
38.000000
2.769459
38.000000
53.763361
39.000000
53.376470
39.000000
26.282359
39.000000
402.747716
39.000000
33.037942
39.000000
2.747779
39.000000
51.997226
39.000000
5.286673
39.000000
25.661486
39.000000
447.189111
39.000000
32.916348
39.000000
2.755869
39.000000
52.066525
41.000000
5.558151
41.000000
26.226757
41.000000
407.192554
41.000000
32.637560
41.000000
2.745810
41.000000
51.537276
39.000000
5.289014
39.000000
27.501175
39.000000
448.461104
39.000000
33.045046
39.000000
2.740935
39.000000
52.041151
41.000000
5.279945
41.000000
27.124749
41.000000
404.244813
41.000000
33.113450
41.000000
2.764247
41.000000
51.397569
39.000000
5.262782
39.000000
27.506195
39.000000
424.436841
39.000000
33.124207
39.000000
2.756161
39.000000
51.923381
39.000000
5.332398
39.000000
26.263269
39.000000
396.628812
39.000000
32.409094
39.000000
2.758942
39.000000
51.824416
40.000000
5.260083
40.000000
26.066867
40.000000
450.027344
40.000000
33.236815
40.000000
2.745424
40.000000
52.369269
40.000000
5.297189
40.000000
26.460631
40.000000
388.366671
40.000000
32.937901
40.000000
2.770806
40.000000
104.175716
38.000000
5.344427
38.000000
25.115624
38.000000
409.325989
38.000000
33.072084
38.000000
2.752200
38.000000
51.963631
40.000000
5.261324
40.000000
26.064074
40.000000
459.791512
40.000000
33.021041
40.000000
2.803461
40.000000
51.967462
41.000000
5.306379
41.000000
27.800293
41.000000
394.718109
41.000000
32.908260
41.000000
2.746675
41.000000
52.376394
40.000000
5.332775
40.000000
25.715876
40.000000
450.477008
40.000000
32.588485
40.000000
2.739685
40.000000
51.879006
41.000000
5.351667
41.000000
25.633816
41.000000
399.429395
41.000000
32.908101
41.000000
2.781427
41.000000
51.982668
40.000000
5.336953
40.000000
25.558255
40.000000
485.214224
40.000000
33.075389
40.000000
2.774672
40.000000
51.969011
39.000000
5.281562
39.000000
27.305843
39.000000
388.210366
39.000000
33.198932
39.000000
2.748133
39.000000
51.939430
39.000000
5.288087
39.000000
27.102633
39.000000
417.429996
39.000000
32.190610
39.000000
2.781320
39.000000
