27.084510
43.000000
4.991664
43.000000
13.734393
43.000000
199.654595
43.000000
16.692926
43.000000
1.394240
43.000000
26.387962
43.000000
2.689326
43.000000
13.510150
43.000000
201.260502
43.000000
16.421083
43.000000
1.389955
43.000000
26.125013
43.000000
2.674499
43.000000
15.140292
43.000000
200.819906
43.000000
16.499092
43.000000
1.382439
43.000000
25.928303
45.000000
2.656457
45.000000
13.034689
45.000000
249.164486
45.000000
16.496921
45.000000
1.390165
45.000000
25.944270
43.000000
2.747268
43.000000
12.869793
43.000000
208.115519
43.000000
16.339815
43.000000
1.376194
43.000000
25.939798
45.000000
2.699859
45.000000
12.605265
45.000000
209.648624
45.000000
16.531587
45.000000
1.386689
45.000000
26.193536
43.000000
2.652084
43.000000
13.509278
43.000000
202.151901
43.000000
16.246521
43.000000
1.373772
43.000000
25.894349
44.000000
2.651965
44.000000
13.757645
44.000000
248.318607
44.000000
16.549941
44.000000
1.373167
44.000000
25.870304
45.000000
2.650952
45.000000
13.303754
45.000000
203.179645
45.000000
16.426271
45.000000
1.384509
45.000000
25.891965
45.000000
2.659462
45.000000
13.948883
45.000000
205.165541
45.000000
16.710984
45.000000
1.383783
45.000000
25.931741
46.000000
2.682134
46.000000
12.557680
46.000000
254.589213
46.000000
16.571463
46.000000
1.384864
46.000000
25.836547
43.000000
2.668798
43.000000
12.755747
43.000000
195.527780
43.000000
16.390600
43.000000
1.372822
43.000000
25.718892
47.000000
2.645673
47.000000
14.985177
47.000000
203.235583
47.000000
16.554670
47.000000
1.368176
47.000000
26.014269
45.000000
2.672696
45.000000
13.294980
45.000000
216.864407
45.000000
16.607977
45.000000
1.376621
45.000000
25.864595
45.000000
2.704319
45.000000
13.608031
45.000000
253.047825
45.000000
16.421435
45.000000
1.380049
45.000000
26.157274
43.000000
2.635871
43.000000
13.527050
43.000000
203.995408
43.000000
16.441507
43.000000
1.371607
43.000000
25.886340
45.000000
2.638754
45.000000
13.741012
45.000000
202.955830
45.000000
15.977120
45.000000
1.405449
45.000000
25.760179
46.000000
2.660200
46.000000
13.659542
46.000000
248.960055
46.000000
16.636232
46.000000
1.378069
46.000000
25.828425
44.000000
2.745809
44.000000
13.473391
44.000000
192.432695
44.000000
16.420779
44.000000
1.391830
44.000000
26.325785
46.000000
2.649700
46.000000
12.997987
46.000000
194.831408
46.000000
16.731152
46.000000
1.367786
46.000000
26.145642
46.000000
2.724568
46.000000
13.686905
46.000000
206.889898
46.000000
16.428249
46.000000
1.377670
46.000000
25.880828
47.000000
2.665960
47.000000
13.731041
47.000000
251.149855
47.000000
16.492945
47.000000
1.384672
47.000000
25.911629
45.000000
2.676434
45.000000
13.736713
45.000000
203.940515
45.000000
16.276502
45.000000
1.377217
45.000000
26.072973
46.000000
2.696994
46.000000
13.606739
46.000000
210.551285
46.000000
16.722113
46.000000
1.383845
46.000000
25.817840
46.000000
2.645549
46.000000
13.047669
46.000000
202.349793
46.000000
64.689212
46.000000
1.391590
46.000000
25.971035
43.000000
2.686535
43.000000
13.562554
43.000000
194.870340
43.000000
16.624317
43.000000
1.375262
43.000000
25.933877
45.000000
2.662735
45.000000
13.682043
45.000000
181.436909
45.000000
16.624428
45.000000
1.382585
45.000000
27.117375
45.000000
2.673611
45.000000
13.395066
45.000000
201.157950
45.000000
16.511021
45.000000
1.375299
45.000000
26.060430
45.000000
2.645969
45.000000
13.640304
45.000000
252.157684
45.000000
16.190647
45.000000
1.381360
45.000000
26.013710
41.000000
2.690866
41.000000
13.908595
41.000000
197.273611
41.000000
16.526709
41.000000
1.376009
41.000000
25.958531
45.000000
2.658447
45.000000
14.036540
45.000000
195.221232
45.000000
16.438003
45.000000
1.370619
45.000000
26.098808
45.000000
2.705172
45.000000
13.810570
45.000000
203.023924
45.000000
16.346161
45.000000
1.385688
45.000000
26.053229
42.000000
2.670954
42.000000
13.024857
42.000000
209.631511
42.000000
16.494382
42.000000
1.375111
42.000000
26.096627
46.000000
2.675535
46.000000
13.790398
46.000000
200.050600
46.000000
16.541418
46.000000
1.374435
46.000000
25.691262
44.000000
2.637550
44.000000
12.943648
44.000000
190.979459
44.000000
16.630106
44.000000
1.367743
44.000000
25.873827
46.000000
2.675118
46.000000
13.578027
46.000000
240.438308
46.000000
16.814076
46.000000
1.380743
46.000000
26.073305
47.000000
2.625815
47.000000
12.814602
47.000000
210.255272
47.000000
16.466871
47.000000
1.391510
47.000000
26.148990
45.000000
2.740246
45.000000
13.374494
45.000000
202.865823
45.000000
16.901329
45.000000
1.381825
45.000000
25.954254
47.000000
2.660733
47.000000
13.466528
47.000000
192.081077
47.000000
16.744705
47.000000
1.369416
47.000000
25.938714
47.000000
2.698005
47.000000
13.749971
47.000000
243.628408
47.000000
16.515401
47.000000
1.384099
47.000000
26.261315
46.000000
2.668340
46.000000
13.522911
46.000000
203.422406
46.000000
16.369273
46.000000
1.376650
46.000000
25.946514
46.000000
2.653215
46.000000
13.119905
46.000000
205.829210
46.000000
16.465307
46.000000
1.379876
46.000000
25.960972
45.000000
2.666640
45.000000
12.753700
45.000000
258.489185
45.000000
16.122870
45.000000
1.382320
45.000000
26.089302
44.000000
2.718307
44.000000
13.374248
44.000000
197.208237
44.000000
16.388004
44.000000
1.390659
44.000000
25.712580
46.000000
2.723701
46.000000
13.308973
46.000000
197.917313
46.000000
16.479886
46.000000
1.384785
46.000000
26.380361
49.000000
2.630770
49.000000
13.386990
49.000000
201.988050
49.000000
16.649470
49.000000
1.381389
49.000000
26.096773
47.000000
2.722730
47.000000
13.783447
47.000000
242.521444
47.000000
16.421243
47.000000
1.387381
47.000000
26.080896
47.000000
2.629950
47.000000
12.631619
47.000000
193.580877
47.000000
16.639311
47.000000
1.374634
47.000000
25.860261
47.000000
2.658658
47.000000
13.378067
47.000000
197.788072
47.000000
16.587098
47.000000
1.375426
47.000000
25.970147
45.000000
2.652424
45.000000
12.819926
45.000000
243.900655
45.000000
16.321977
45.000000
1.393502
45.000000
25.999005
47.000000
2.668146
47.000000
13.927093
47.000000
187.201739
47.000000
16.263913
47.000000
1.380425
47.000000
26.268725
48.000000
2.680352
48.000000
13.474633
48.000000
200.091763
48.000000
16.219908
48.000000
1.384291
48.000000
26.433020
47.000000
2.654544
47.000000
13.955137
47.000000
201.357949
47.000000
16.508261
47.000000
1.378016
47.000000
25.997749
45.000000
2.686700
45.000000
13.360528
45.000000
255.872929
45.000000
16.558303
45.000000
1.381026
45.000000
26.277274
46.000000
2.676803
46.000000
13.745033
46.000000
202.536225
46.000000
16.509402
46.000000
1.367310
46.000000
26.166938
46.000000
2.706330
46.000000
12.527769
46.000000
176.600607
46.000000
16.503832
46.000000
1.372114
46.000000
26.120889
47.000000
2.681712
47.000000
13.352064
47.000000
199.366949
47.000000
16.495542
47.000000
1.376715
47.000000
26.087828
43.000000
2.651781
43.000000
13.832305
43.000000
200.976755
43.000000
16.834957
43.000000
1.365728
43.000000
25.986637
46.000000
2.662283
46.000000
13.439395
46.000000
203.045931
46.000000
16.428709
46.000000
1.376157
46.000000
25.929308
45.000000
2.651298
45.000000
12.731874
45.000000
198.056228
45.000000
16.542373
45.000000
1.379484
45.000000
26.016458
47.000000
2.739330
47.000000
11.815424
47.000000
251.518627
47.000000
16.705394
47.000000
1.375668
47.000000
25.973768
43.000000
2.690273
43.000000
13.322470
43.000000
197.487094
43.000000
16.354179
43.000000
1.376900
43.000000
25.825273
46.000000
2.784125
46.000000
13.409005
46.000000
195.329035
46.000000
16.508908
46.000000
1.370521
46.000000
26.107792
47.000000
2.658630
47.000000
14.270136
47.000000
193.127373
47.000000
16.380671
47.000000
1.376844
47.000000
25.856544
46.000000
2.677469
46.000000
13.584544
46.000000
231.817021
46.000000
16.561240
46.000000
1.376498
46.000000
25.801938
47.000000
2.666580
47.000000
13.413316
47.000000
200.020563
47.000000
16.314582
47.000000
1.378402
47.000000
25.996967
47.000000
2.652792
47.000000
13.356322
47.000000
193.546354
47.000000
16.392493
47.000000
1.373865
47.000000
26.119238
48.000000
2.664361
48.000000
13.634190
48.000000
235.796223
48.000000
16.494030
48.000000
1.367596
48.000000
26.234462
45.000000
2.670351
45.000000
14.102003
45.000000
201.219941
45.000000
16.450596
45.000000
1.383189
45.000000
25.681188
47.000000
2.678319
47.000000
12.199229
47.000000
195.740825
47.000000
16.571271
47.000000
1.395770
47.000000
26.313906
47.000000
2.616438
47.000000
13.945835
47.000000
200.279265
47.000000
16.585420
47.000000
1.365153
47.000000
26.177666
47.000000
2.642006
47.000000
13.649246
47.000000
245.286581
47.000000
15.945429
47.000000
1.387701
47.000000
25.991842
46.000000
2.661007
46.000000
13.469612
46.000000
200.093485
46.000000
16.487058
46.000000
1.391795
46.000000
26.206144
48.000000
2.701310
48.000000
13.355486
48.000000
201.650746
48.000000
16.315668
48.000000
1.371247
48.000000
25.899817
46.000000
2.701007
46.000000
13.203999
46.000000
183.506401
46.000000
16.474474
46.000000
1.379225
46.000000
74.299359
45.000000
2.687456
45.000000
13.721923
45.000000
199.381476
45.000000
16.442552
45.000000
1.378215
45.000000
26.093532
47.000000
2.762865
47.000000
12.766798
47.000000
199.774497
47.000000
16.572433
47.000000
1.377533
47.000000
25.920975
47.000000
2.662930
47.000000
12.927080
47.000000
179.541011
47.000000
16.682117
47.000000
1.385223
47.000000
25.748513
46.000000
2.698318
46.000000
13.750807
46.000000
249.046720
46.000000
16.643847
46.000000
1.397596
46.000000
25.856048
47.000000
2.790611
47.000000
13.332247
47.000000
190.826337
47.000000
16.335359
47.000000
1.385291
47.000000
26.023052
48.000000
2.628757
48.000000
13.001777
48.000000
196.988520
48.000000
16.601401
48.000000
1.379523
48.000000
26.320862
46.000000
2.713184
46.000000
13.814733
46.000000
202.665552
46.000000
16.123082
46.000000
1.372773
46.000000
26.134151
46.000000
2.659410
46.000000
12.288572
46.000000
250.992547
46.000000
16.473167
46.000000
1.411298
46.000000
25.849117
48.000000
2.652299
48.000000
13.102637
48.000000
198.872248
48.000000
16.035904
48.000000
1.371955
48.000000
25.939534
46.000000
2.656403
46.000000
14.258765
46.000000
202.309431
46.000000
16.524911
46.000000
1.377738
46.000000
25.787342
46.000000
2.669224
46.000000
13.560478
46.000000
254.186725
46.000000
16.651385
46.000000
1.382792
46.000000
25.697544
46.000000
2.686620
46.000000
13.035224
46.000000
211.169752
46.000000
16.403778
46.000000
1.369434
46.000000
25.864573
46.000000
2.674383
46.000000
13.664293
46.000000
193.643054
46.000000
16.357640
46.000000
1.382870
46.000000
25.922628
47.000000
2.680333
47.000000
13.395535
47.000000
199.150194
47.000000
16.553074
47.000000
1.378799
47.000000
26.288287
47.000000
2.648576
47.000000
13.286809
47.000000
249.022437
47.000000
16.684898
47.000000
1.380355
47.000000
25.983566
48.000000
2.719322
48.000000
13.697696
48.000000
187.161502
48.000000
16.314282
48.000000
1.366642
48.000000
25.943137
47.000000
2.678740
47.000000
13.083875
47.000000
202.264723
47.000000
16.411113
47.000000
1.376894
47.000000
26.215716
48.000000
2.678958
48.000000
13.900577
48.000000
241.800081
48.000000
16.425255
48.000000
1.375422
48.000000
25.900319
48.000000
2.632779
48.000000
13.055229
48.000000
194.425378
48.000000
16.726970
48.000000
1.383878
48.000000
25.988299
47.000000
2.657055
47.000000
13.479706
47.000000
194.305663
47.000000
16.525458
47.000000
1.399018
47.000000
25.781259
46.000000
2.632598
46.000000
13.310502
46.000000
208.681921
46.000000
16.419560
46.000000
1.378176
46.000000
26.206326
48.000000
2.793091
48.000000
13.889037
48.000000
245.948735
48.000000
16.639062
48.000000
1.385717
48.000000
25.863167
45.000000
2.637714
45.000000
13.533504
45.000000
193.312016
45.000000
16.338340
45.000000
1.391376
45.000000
26.665185
48.000000
2.671819
48.000000
12.934567
48.000000
200.404494
48.000000
16.231663
48.000000
1.379974
48.000000
25.982811
48.000000
2.632940
48.000000
12.235934
48.000000
207.849478
48.000000
16.486065
48.000000
1.373823
48.000000
73.842839
47.000000
2.653587
47.000000
12.829621
47.000000
208.286191
47.000000
16.511824
47.000000
1.381893
47.000000
25.869587
48.000000
2.642997
48.000000
14.552157
48.000000
205.682448
48.000000
16.368517
48.000000
1.374150
48.000000
26.348215
47.000000
2.631437
47.000000
13.047480
47.000000
198.826570
47.000000
16.445951
47.000000
1.373765
47.000000
25.865784
46.000000
2.668510
46.000000
12.747310
46.000000
242.391831
46.000000
16.398506
46.000000
1.380907
46.000000
26.306932
47.000000
2.674256
47.000000
13.115646
47.000000
191.097314
47.000000
16.570487
47.000000
1.369284
47.000000
26.173854
45.000000
2.677178
45.000000
13.564536
45.000000
195.673168
45.000000
16.611614
45.000000
1.379914
45.000000
25.882628
45.000000
2.662431
45.000000
14.676553
45.000000
196.072067
45.000000
16.496148
45.000000
1.383292
45.000000
26.202044
48.000000
2.666325
48.000000
61.191846
48.000000
193.676894
48.000000
16.343628
48.000000
1.379559
48.000000
26.224603
49.000000
2.695822
49.000000
13.732995
49.000000
205.433977
49.000000
16.585367
49.000000
1.378610
49.000000
26.078306
46.000000
2.696385
46.000000
13.878831
46.000000
208.433235
46.000000
16.326951
46.000000
1.376589
46.000000
26.142749
47.000000
2.641257
47.000000
12.739160
47.000000
246.149642
47.000000
16.455711
47.000000
1.376906
47.000000
26.208285
46.000000
2.654674
46.000000
13.457830
46.000000
197.315417
46.000000
16.240601
46.000000
1.372524
46.000000
25.960216
46.000000
2.666411
46.000000
13.431614
46.000000
207.004785
46.000000
16.253023
46.000000
1.371890
46.000000
25.895928
46.000000
2.687625
46.000000
13.389267
46.000000
193.976684
46.000000
16.559774
46.000000
1.380097
46.000000
25.864710
46.000000
2.730243
46.000000
13.990815
46.000000
244.504018
46.000000
16.565809
46.000000
1.383162
46.000000
26.001042
45.000000
2.728425
45.000000
13.783503
45.000000
195.617079
45.000000
16.416274
45.000000
1.371383
45.000000
26.306284
47.000000
2.737054
47.000000
13.683084
47.000000
209.316217
47.000000
16.428781
47.000000
1.388461
47.000000
26.096915
45.000000
2.718184
45.000000
13.722562
45.000000
239.915924
45.000000
16.866454
45.000000
1.376734
45.000000
26.043796
46.000000
2.763147
46.000000
14.240943
46.000000
191.149009
46.000000
16.478998
46.000000
1.372414
46.000000
25.976157
48.000000
2.641044
48.000000
13.151316
48.000000
199.181542
48.000000
16.675615
48.000000
1.382982
48.000000
26.092301
47.000000
2.694051
47.000000
13.006006
47.000000
204.603961
47.000000
16.451881
47.000000
1.368214
47.000000
26.159503
46.000000
2.686000
46.000000
12.238305
46.000000
246.401425
46.000000
16.511581
46.000000
1.372822
46.000000
26.075493
46.000000
2.697201
46.000000
13.187398
46.000000
192.869514
46.000000
16.101210
46.000000
1.387019
46.000000
26.167557
47.000000
2.681565
47.000000
13.683301
47.000000
208.790450
47.000000
16.415361
47.000000
1.368575
47.000000
25.873657
48.000000
2.714393
48.000000
12.836084
48.000000
207.039231
48.000000
64.698105
48.000000
1.398746
48.000000
26.260291
43.000000
2.682559
43.000000
13.411363
43.000000
208.482992
43.000000
16.290017
43.000000
1.389336
43.000000
25.944578
48.000000
2.677090
48.000000
13.018623
48.000000
199.687965
48.000000
16.567940
48.000000
1.383646
48.000000
25.989741
48.000000
2.673084
48.000000
13.822208
48.000000
198.111424
48.000000
16.494357
48.000000
1.388171
48.000000
25.995234
46.000000
2.721024
46.000000
14.258492
46.000000
228.342040
46.000000
16.435332
46.000000
1.370699
46.000000
26.071242
48.000000
2.653643
48.000000
14.178621
48.000000
205.681487
48.000000
16.431046
48.000000
1.386803
48.000000
26.083675
47.000000
2.662983
47.000000
13.349645
47.000000
204.487890
47.000000
16.685383
47.000000
1.380084
47.000000
25.755204
47.000000
2.658256
47.000000
12.730854
47.000000
202.597984
47.000000
68.655887
47.000000
1.389561
47.000000
25.771916
46.000000
2.685340
46.000000
13.541464
46.000000
206.761283
46.000000
16.461859
46.000000
1.375465
46.000000
25.879089
48.000000
2.660954
48.000000
13.487977
48.000000
201.314132
48.000000
16.495709
48.000000
1.368948
48.000000
26.079527
46.000000
2.665433
46.000000
13.597462
46.000000
195.571799
46.000000
16.569316
46.000000
1.380742
46.000000
26.120102
48.000000
2.681772
48.000000
12.990278
48.000000
244.049855
48.000000
16.487886
48.000000
1.381264
48.000000
26.000046
47.000000
2.717855
47.000000
13.064808
47.000000
189.154584
47.000000
16.779376
47.000000
1.386916
47.000000
25.834158
48.000000
2.643188
48.000000
14.131690
48.000000
201.876902
48.000000
16.511340
48.000000
1.387512
48.000000
26.071714
46.000000
2.666737
46.000000
13.282198
46.000000
201.124800
46.000000
16.423472
46.000000
1.367818
46.000000
74.385626
43.000000
2.651644
43.000000
13.365889
43.000000
180.878846
43.000000
16.374428
43.000000
1.393870
43.000000
25.927003
48.000000
2.659960
48.000000
13.231515
48.000000
189.615054
48.000000
16.448067
48.000000
1.384702
48.000000
26.208247
46.000000
2.649837
46.000000
13.621336
46.000000
196.261716
46.000000
16.264139
46.000000
1.386077
46.000000
26.066623
47.000000
2.655847
47.000000
13.126196
47.000000
246.419370
47.000000
16.564338
47.000000
1.384056
47.000000
26.232297
47.000000
2.721907
47.000000
12.942876
47.000000
199.375783
47.000000
16.891780
47.000000
1.388871
47.000000
26.306247
47.000000
2.634688
47.000000
13.448555
47.000000
204.053010
47.000000
16.489867
47.000000
1.391855
47.000000
25.921304
47.000000
2.756995
47.000000
14.155087
47.000000
194.640194
47.000000
16.529005
47.000000
1.369228
47.000000
25.912798
47.000000
2.678369
47.000000
12.887673
47.000000
254.631736
47.000000
16.506090
47.000000
1.388418
47.000000
26.319147
46.000000
2.648516
46.000000
14.273738
46.000000
191.021355
46.000000
16.386822
46.000000
1.383133
46.000000
26.031469
47.000000
2.679913
47.000000
13.082536
47.000000
201.920179
47.000000
16.876177
47.000000
1.377642
47.000000
25.981302
48.000000
2.666298
48.000000
13.332521
48.000000
264.541191
48.000000
16.493167
48.000000
1.379047
48.000000
25.980994
48.000000
2.676361
48.000000
13.532210
48.000000
194.629499
48.000000
16.489291
48.000000
1.387624
48.000000
26.082580
47.000000
2.676053
47.000000
12.337024
47.000000
192.458871
47.000000
16.364938
47.000000
1.372502
47.000000
26.127959
48.000000
2.673928
48.000000
13.877555
48.000000
207.204441
48.000000
16.425378
48.000000
1.379643
48.000000
26.169890
46.000000
2.627259
46.000000
13.735906
46.000000
247.376379
46.000000
16.424521
46.000000
1.382708
46.000000
26.095528
47.000000
2.666243
47.000000
13.157954
47.000000
198.511429
47.000000
16.381235
47.000000
1.378877
47.000000
26.963766
48.000000
2.721384
48.000000
13.167329
48.000000
194.907303
48.000000
16.469261
48.000000
1.373676
48.000000
25.919421
49.000000
2.652680
49.000000
12.989091
49.000000
202.671090
49.000000
64.501184
49.000000
1.380630
49.000000
26.377111
47.000000
2.806539
47.000000
13.098276
47.000000
210.379480
47.000000
16.291221
47.000000
1.382652
47.000000
26.186424
48.000000
2.624214
48.000000
12.893821
48.000000
192.710790
48.000000
16.370763
48.000000
1.399053
48.000000
25.946159
47.000000
2.639681
47.000000
13.383517
47.000000
204.765461
47.000000
16.284706
47.000000
1.385287
47.000000
26.084336
47.000000
2.660278
47.000000
13.280762
47.000000
257.099801
47.000000
16.344856
47.000000
1.383880
47.000000
26.246887
46.000000
2.677612
46.000000
13.552871
46.000000
200.087734
46.000000
16.593948
46.000000
1.393976
46.000000
25.922596
47.000000
2.662360
47.000000
12.580581
47.000000
204.025948
47.000000
16.498729
47.000000
1.391930
47.000000
25.952382
47.000000
2.741785
47.000000
13.786168
47.000000
200.613637
47.000000
64.578770
47.000000
1.379120
47.000000
26.212577
45.000000
2.661634
45.000000
13.299871
45.000000
202.283654
45.000000
16.527311
45.000000
1.368052
45.000000
26.241983
48.000000
2.680576
48.000000
14.109284
48.000000
203.945214
48.000000
16.597553
48.000000
1.391235
48.000000
25.952300
46.000000
2.693548
46.000000
14.165148
46.000000
189.555858
46.000000
16.332697
46.000000
1.379762
46.000000
26.261586
47.000000
2.670962
47.000000
13.227779
47.000000
247.294029
47.000000
16.336572
47.000000
1.378261
47.000000
25.936963
47.000000
2.693961
47.000000
12.732849
47.000000
201.763440
47.000000
16.644968
47.000000
1.377351
47.000000
25.944006
49.000000
2.669226
49.000000
13.527100
49.000000
190.923884
49.000000
16.287870
49.000000
1.383562
49.000000
26.285497
48.000000
2.808225
48.000000
12.579183
48.000000
207.310999
48.000000
15.981609
48.000000
1.380049
48.000000
26.116426
43.000000
2.645221
43.000000
13.414373
43.000000
200.528668
43.000000
16.489785
43.000000
1.381629
43.000000
26.289522
48.000000
2.683755
48.000000
12.906283
48.000000
206.406461
48.000000
16.499506
48.000000
1.382036
48.000000
25.836281
47.000000
2.699382
47.000000
12.759791
47.000000
201.591117
47.000000
16.504581
47.000000
1.392177
47.000000
25.997460
46.000000
2.655842
46.000000
12.807781
46.000000
254.071780
46.000000
16.448842
46.000000
1.369402
46.000000
25.964904
48.000000
2.669632
48.000000
13.630967
48.000000
196.237404
48.000000
16.352140
48.000000
1.383524
48.000000
26.231889
46.000000
2.694640
46.000000
13.545539
46.000000
203.835163
46.000000
16.728951
46.000000
1.367967
46.000000
26.072224
48.000000
2.683080
48.000000
12.671079
48.000000
180.394381
48.000000
16.455289
48.000000
1.374782
48.000000
25.769480
49.000000
2.712836
49.000000
12.627246
49.000000
256.350886
49.000000
16.507093
49.000000
1.377012
49.000000
26.286917
51.000000
2.667973
51.000000
13.674839
51.000000
200.727790
51.000000
16.607343
51.000000
1.384916
51.000000
26.311458
51.000000
2.694213
51.000000
13.283785
51.000000
203.026620
51.000000
16.343994
51.000000
1.367378
51.000000
25.954192
52.000000
2.742968
52.000000
13.267540
52.000000
246.138415
52.000000
16.303545
52.000000
1.391409
52.000000
26.051337
51.000000
2.685534
51.000000
12.683419
51.000000
205.807760
51.000000
16.240548
51.000000
1.381408
51.000000
26.096976
47.000000
2.673258
47.000000
13.004965
47.000000
198.616700
47.000000
16.406350
47.000000
1.379301
47.000000
26.046971
47.000000
2.660444
47.000000
13.522819
47.000000
207.320259
47.000000
16.411207
47.000000
1.389760
47.000000
25.945573
49.000000
2.631998
49.000000
14.076645
49.000000
249.711884
49.000000
16.460334
49.000000
1.382082
49.000000
25.756441
48.000000
2.660999
48.000000
12.843133
48.000000
205.199211
48.000000
16.221040
48.000000
1.370504
48.000000
25.926205
48.000000
2.671792
48.000000
13.859502
48.000000
203.718165
48.000000
16.524535
48.000000
1.388698
48.000000
26.126508
46.000000
2.630457
46.000000
13.877635
46.000000
246.882393
46.000000
16.431588
46.000000
1.368872
46.000000
26.342483
47.000000
2.660779
47.000000
14.294271
47.000000
201.035026
47.000000
16.307834
47.000000
1.371151
47.000000
25.890090
48.000000
2.713267
48.000000
13.888999
48.000000
203.736587
48.000000
16.314026
48.000000
1.390326
48.000000
25.988420
49.000000
2.644311
49.000000
11.954782
49.000000
208.611602
49.000000
15.687759
49.000000
1.378012
49.000000
26.060546
48.000000
2.664026
48.000000
12.442593
48.000000
241.443636
48.000000
16.425587
48.000000
1.388515
48.000000
25.739912
47.000000
2.671799
47.000000
12.797099
47.000000
197.630905
47.000000
16.361070
47.000000
1.372478
47.000000
25.878358
48.000000
2.671761
48.000000
13.097376
48.000000
202.891852
48.000000
16.436713
48.000000
1.371648
48.000000
25.871943
47.000000
2.657338
47.000000
13.092201
47.000000
232.174861
47.000000
16.632273
47.000000
1.378019
47.000000
26.041341
48.000000
2.695496
48.000000
13.304275
48.000000
201.876922
48.000000
16.489422
48.000000
1.368624
48.000000
26.145791
48.000000
2.640048
48.000000
13.755399
48.000000
190.108347
48.000000
16.410128
48.000000
1.373253
48.000000
26.252098
50.000000
2.657289
50.000000
13.000797
50.000000
198.359346
50.000000
16.537608
50.000000
1.375773
50.000000
26.381366
49.000000
2.651053
49.000000
13.509757
49.000000
253.122011
49.000000
16.339754
49.000000
1.362046
49.000000
25.852288
49.000000
2.656797
49.000000
13.500063
49.000000
200.345969
49.000000
16.517022
49.000000
1.382158
49.000000
26.362205
47.000000
2.665008
47.000000
12.914529
47.000000
202.858187
47.000000
16.475841
47.000000
1.378122
47.000000
26.357012
48.000000
2.655991
48.000000
13.270437
48.000000
197.004550
48.000000
16.478975
48.000000
1.388825
48.000000
73.810155
46.000000
2.719558
46.000000
13.185390
46.000000
195.475708
46.000000
16.620030
46.000000
1.370473
46.000000
26.187205
48.000000
2.712589
48.000000
13.948261
48.000000
191.803500
48.000000
16.581049
48.000000
1.378914
48.000000
26.068393
48.000000
2.699802
48.000000
13.037848
48.000000
201.141091
48.000000
16.355102
48.000000
1.382556
48.000000
26.054160
48.000000
2.657432
48.000000
12.862990
48.000000
246.546619
48.000000
16.936920
48.000000
1.364535
48.000000
26.202709
47.000000
2.701050
47.000000
13.165508
47.000000
208.202382
47.000000
16.736505
47.000000
1.386715
47.000000
25.907435
47.000000
2.687433
47.000000
13.539529
47.000000
199.587267
47.000000
16.433026
47.000000
1.379400
47.000000
25.855725
48.000000
2.692015
48.000000
13.202474
48.000000
208.689630
48.000000
16.314141
48.000000
1.374619
48.000000
26.171340
48.000000
2.638592
48.000000
62.681801
48.000000
190.329559
48.000000
16.702512
48.000000
1.382078
48.000000
25.889855
48.000000
2.729409
48.000000
13.503876
48.000000
196.521963
48.000000
15.834376
48.000000
1.379626
48.000000
26.143937
48.000000
2.687029
48.000000
12.531325
48.000000
204.372870
48.000000
16.503624
48.000000
1.369922
48.000000
26.074082
47.000000
2.687019
47.000000
13.704750
47.000000
245.802987
47.000000
16.531821
47.000000
1.381276
47.000000
26.002650
47.000000
2.676189
47.000000
13.304849
47.000000
194.677715
47.000000
16.399014
47.000000
1.373813
47.000000
25.980715
47.000000
2.698486
47.000000
13.485498
47.000000
191.163371
47.000000
16.615636
47.000000
1.376232
47.000000
26.374257
48.000000
2.633175
48.000000
13.729394
48.000000
197.340969
48.000000
16.327514
48.000000
1.380933
48.000000
26.288524
47.000000
2.632909
47.000000
12.378812
47.000000
252.463319
47.000000
16.057461
47.000000
1.394485
47.000000
26.381367
48.000000
2.664642
48.000000
13.305891
48.000000
187.270310
48.000000
16.671667
48.000000
1.379443
48.000000
26.232767
46.000000
2.657414
46.000000
13.433446
46.000000
195.315225
46.000000
16.598408
46.000000
1.368721
46.000000
25.850654
48.000000
2.664169
48.000000
13.198065
48.000000
190.558557
48.000000
64.758366
48.000000
1.390251
48.000000
26.346588
47.000000
2.704160
47.000000
12.140538
47.000000
202.652121
47.000000
16.514336
47.000000
1.376575
47.000000
25.966611
47.000000
2.709985
47.000000
13.889190
47.000000
200.017734
47.000000
16.330918
47.000000
1.369995
47.000000
25.947135
48.000000
2.677780
48.000000
13.552051
48.000000
194.495799
48.000000
15.953528
48.000000
1.392261
48.000000
26.282499
47.000000
2.656524
47.000000
12.958702
47.000000
253.657716
47.000000
16.077066
47.000000
1.382168
47.000000
25.894886
48.000000
2.651586
48.000000
12.354991
48.000000
204.598997
48.000000
16.478912
48.000000
1.385143
48.000000
26.499790
47.000000
2.676789
47.000000
13.521356
47.000000
196.740946
47.000000
16.261079
47.000000
1.379300
47.000000
25.979993
49.000000
2.708154
49.000000
14.481059
49.000000
200.248512
49.000000
16.425450
49.000000
1.371830
49.000000
78.012149
45.000000
2.692519
45.000000
12.948210
45.000000
198.008969
45.000000
16.537822
45.000000
1.388493
45.000000
25.941349
48.000000
2.671867
48.000000
12.809746
48.000000
202.530628
48.000000
16.208884
48.000000
1.365448
48.000000
26.190753
47.000000
2.633200
47.000000
12.138943
47.000000
181.740805
47.000000
16.399527
47.000000
1.389247
47.000000
26.083114
48.000000
2.688164
48.000000
12.989892
48.000000
243.392722
48.000000
16.687912
48.000000
1.374868
48.000000
26.052872
47.000000
2.672591
47.000000
11.647964
47.000000
199.270638
47.000000
16.376125
47.000000
1.378252
47.000000
25.999552
48.000000
2.680175
48.000000
12.814780
48.000000
200.105305
48.000000
16.465486
48.000000
1.379489
48.000000
26.087014
49.000000
2.717666
49.000000
13.380033
49.000000
212.462334
49.000000
16.526501
49.000000
1.374293
49.000000
26.200072
48.000000
2.688236
48.000000
12.952984
48.000000
256.114957
48.000000
16.478043
48.000000
1.371236
48.000000
26.020229
47.000000
2.643969
47.000000
13.818542
47.000000
192.706714
47.000000
16.502084
47.000000
1.380877
47.000000
25.772357
47.000000
2.700575
47.000000
12.627973
47.000000
196.872727
47.000000
16.633685
47.000000
1.424838
47.000000
25.993609
49.000000
2.663951
49.000000
12.732433
49.000000
258.448957
49.000000
16.517932
49.000000
1.387747
49.000000
25.861413
48.000000
2.662851
48.000000
13.663688
48.000000
187.758845
48.000000
16.425527
48.000000
1.378537
48.000000
26.408840
48.000000
2.652770
48.000000
13.974283
48.000000
208.117976
48.000000
16.520109
48.000000
1.369990
48.000000
25.918633
48.000000
2.698896
48.000000
13.299211
48.000000
197.775806
48.000000
16.664430
48.000000
1.368774
48.000000
26.082606
47.000000
2.678393
47.000000
13.297164
47.000000
241.981154
47.000000
16.459821
47.000000
1.379273
47.000000
25.921542
49.000000
2.642150
49.000000
13.094713
49.000000
180.330563
49.000000
16.244330
49.000000
1.404932
49.000000
26.312539
48.000000
2.668889
48.000000
13.169197
48.000000
199.429881
48.000000
16.426956
48.000000
1.370086
48.000000
26.040792
48.000000
2.651715
48.000000
13.440376
48.000000
192.782415
48.000000
68.539128
48.000000
1.381268
48.000000
25.981841
48.000000
2.657919
48.000000
12.948037
48.000000
203.378348
48.000000
16.336742
48.000000
1.380713
48.000000
26.112950
48.000000
2.678569
48.000000
13.929532
48.000000
197.130426
48.000000
16.474649
48.000000
1.366890
48.000000
26.142350
48.000000
2.724124
48.000000
13.680066
48.000000
200.126232
48.000000
16.652760
48.000000
1.372537
48.000000
26.072839
46.000000
2.642784
46.000000
13.758029
46.000000
248.437056
46.000000
16.406533
46.000000
1.387526
46.000000
25.830421
47.000000
2.703457
47.000000
14.265457
47.000000
199.278608
47.000000
16.706323
47.000000
1.377759
47.000000
26.201688
48.000000
2.666789
48.000000
13.712768
48.000000
194.298778
48.000000
16.560960
48.000000
1.375065
48.000000
26.099141
46.000000
2.694740
46.000000
14.195842
46.000000
199.813486
46.000000
15.727298
46.000000
1.380151
46.000000
25.995711
44.000000
2.624326
44.000000
13.292264
44.000000
198.549835
44.000000
16.546344
44.000000
1.374858
44.000000
25.851273
48.000000
2.676599
48.000000
11.962649
48.000000
199.217115
48.000000
16.526715
48.000000
1.376127
48.000000
25.839956
47.000000
2.685816
47.000000
13.211534
47.000000
206.398629
47.000000
16.559803
47.000000
1.383521
47.000000
26.179006
49.000000
2.704672
49.000000
13.360741
49.000000
238.012450
49.000000
16.506723
49.000000
1.384240
49.000000
25.946813
48.000000
2.678437
48.000000
13.464952
48.000000
189.705385
48.000000
16.572594
48.000000
1.368177
48.000000
26.171062
48.000000
2.712564
48.000000
13.148529
48.000000
199.290076
48.000000
16.511885
48.000000
1.373630
48.000000
25.940911
48.000000
2.644791
48.000000
14.082410
48.000000
204.258942
48.000000
16.123669
48.000000
1.368215
48.000000
25.946867
47.000000
2.648864
47.000000
63.275100
47.000000
200.036200
47.000000
16.466083
47.000000
1.378350
47.000000
25.844651
47.000000
2.679506
47.000000
14.655302
47.000000
201.785065
47.000000
16.376679
47.000000
1.384258
47.000000
25.900570
48.000000
2.700139
48.000000
14.066888
48.000000
200.734210
48.000000
16.108492
48.000000
1.383687
48.000000
25.748210
48.000000
2.670155
48.000000
13.149021
48.000000
249.924492
48.000000
16.506927
48.000000
1.379899
48.000000
25.709480
47.000000
2.668642
47.000000
13.422722
47.000000
206.377016
47.000000
16.721731
47.000000
1.375589
47.000000
26.063075
47.000000
2.697044
47.000000
13.438700
47.000000
205.179958
47.000000
16.502073
47.000000
1.383354
47.000000
25.699212
47.000000
2.686463
47.000000
13.518765
47.000000
194.720393
47.000000
16.481669
47.000000
1.390164
47.000000
26.146295
47.000000
2.682442
47.000000
13.399942
47.000000
250.327094
47.000000
16.287839
47.000000
1.379635
47.000000
25.740863
48.000000
2.738726
48.000000
12.590500
48.000000
207.458657
48.000000
16.329824
48.000000
1.376660
48.000000
26.200549
47.000000
2.647380
47.000000
13.280637
47.000000
181.870816
47.000000
16.431827
47.000000
1.385310
47.000000
25.857761
48.000000
2.708967
48.000000
12.558713
48.000000
246.782410
48.000000
16.422173
48.000000
1.373084
48.000000
26.338442
46.000000
2.651138
46.000000
13.364446
46.000000
207.379570
46.000000
16.152278
46.000000
1.380386
46.000000
25.633911
47.000000
2.694412
47.000000
13.787267
47.000000
197.273906
47.000000
16.519567
47.000000
1.364992
47.000000
25.763703
48.000000
2.656319
48.000000
13.306699
48.000000
183.904649
48.000000
16.671162
48.000000
1.390769
48.000000
25.932316
48.000000
2.672598
48.000000
13.726040
48.000000
252.562511
48.000000
16.416982
48.000000
1.372489
48.000000
26.108934
47.000000
2.677986
47.000000
13.681783
47.000000
198.683805
47.000000
16.513573
47.000000
1.370318
47.000000
25.932062
47.000000
2.673169
47.000000
13.428681
47.000000
204.431409
47.000000
15.654621
47.000000
1.378988
47.000000
25.715141
48.000000
2.675707
48.000000
13.344528
48.000000
266.848372
48.000000
16.943054
48.000000
1.379700
48.000000
26.069046
47.000000
2.751122
47.000000
13.879665
47.000000
209.824433
47.000000
16.463228
47.000000
1.391805
47.000000
26.334978
48.000000
2.673620
48.000000
13.351468
48.000000
198.931877
48.000000
16.506521
48.000000
1.374980
48.000000
26.188978
48.000000
2.648010
48.000000
12.827383
48.000000
196.613673
48.000000
16.334105
48.000000
1.372494
48.000000
26.045687
49.000000
2.692379
49.000000
13.582092
49.000000
241.740786
49.000000
16.649679
49.000000
1.376842
49.000000
26.236614
49.000000
2.638818
49.000000
12.057964
49.000000
196.898073
49.000000
15.951279
49.000000
1.374380
49.000000
26.760235
48.000000
2.678261
48.000000
13.203174
48.000000
200.895970
48.000000
16.529540
48.000000
1.375278
48.000000
26.054463
48.000000
2.678994
48.000000
12.658069
48.000000
199.683399
48.000000
64.522896
48.000000
1.375687
48.000000
26.091144
47.000000
2.772315
47.000000
13.122274
47.000000
202.528208
47.000000
16.631699
47.000000
1.381094
47.000000
25.979244
49.000000
2.689289
49.000000
13.707463
49.000000
198.174684
49.000000
16.631133
49.000000
1.384460
49.000000
25.959407
47.000000
2.642290
47.000000
13.576778
47.000000
199.622171
47.000000
16.528412
47.000000
1.390616
47.000000
25.744545
47.000000
2.652596
47.000000
13.648577
47.000000
241.923150
47.000000
16.351486
47.000000
1.385852
47.000000
25.894044
49.000000
2.718691
49.000000
13.161258
49.000000
197.029882
49.000000
16.324978
49.000000
1.370621
49.000000
25.963727
48.000000
2.670865
48.000000
13.018922
48.000000
201.242202
48.000000
16.261942
48.000000
1.370391
48.000000
26.033670
48.000000
2.701610
48.000000
12.929723
48.000000
193.945314
48.000000
16.499152
48.000000
1.390089
48.000000
26.229625
47.000000
2.699847
47.000000
61.685223
47.000000
205.239982
47.000000
16.394655
47.000000
1.371838
47.000000
25.925131
47.000000
2.617597
47.000000
13.145919
47.000000
205.384595
47.000000
16.472027
47.000000
1.375369
47.000000
25.754381
47.000000
2.680565
47.000000
13.955359
47.000000
196.827588
47.000000
16.321840
47.000000
1.375877
47.000000
26.085405
47.000000
2.645920
47.000000
13.053731
47.000000
247.785093
47.000000
16.574221
47.000000
1.378526
47.000000
26.123413
48.000000
2.678585
48.000000
12.911197
48.000000
200.609292
48.000000
16.433323
48.000000
1.387435
48.000000
26.091413
47.000000
2.709242
47.000000
12.776451
47.000000
219.160719
47.000000
16.336246
47.000000
1.371177
47.000000
25.721905
49.000000
2.683029
49.000000
13.675334
49.000000
193.795335
49.000000
16.332426
49.000000
1.385753
49.000000
25.879463
49.000000
2.654178
49.000000
65.590898
49.000000
208.969955
49.000000
16.479920
49.000000
1.375373
49.000000
