81.073483
38.000000
14.645167
38.000000
41.396960
38.000000
602.307093
38.000000
49.581174
38.000000
4.157662
38.000000
78.821756
37.000000
7.995699
37.000000
40.502376
37.000000
651.420273
37.000000
48.964590
37.000000
4.131325
37.000000
77.707871
38.000000
7.842988
38.000000
44.818039
38.000000
648.395538
38.000000
49.188699
38.000000
4.213961
38.000000
77.759215
39.000000
7.997709
39.000000
39.096102
39.000000
652.805529
39.000000
49.237168
39.000000
4.103384
39.000000
78.115576
38.000000
8.005519
38.000000
38.375522
38.000000
619.564362
38.000000
101.046527
38.000000
4.169311
38.000000
77.502795
38.000000
7.887661
38.000000
38.072494
38.000000
628.448111
38.000000
49.802094
38.000000
4.125733
38.000000
78.046427
38.000000
7.944287
38.000000
40.208467
38.000000
609.452534
38.000000
49.461671
38.000000
4.134978
38.000000
77.004211
38.000000
7.963841
38.000000
40.957884
38.000000
653.098747
38.000000
48.924996
38.000000
4.159400
38.000000
78.171224
38.000000
8.006181
38.000000
39.600063
38.000000
656.217734
38.000000
48.611654
38.000000
4.117320
38.000000
77.991633
38.000000
8.000375
38.000000
41.941647
38.000000
666.037897
38.000000
48.770392
38.000000
4.164151
38.000000
77.720926
38.000000
7.917252
38.000000
37.921793
38.000000
659.387771
38.000000
49.632673
38.000000
4.171574
38.000000
78.447020
38.000000
7.957271
38.000000
38.467860
38.000000
581.443063
38.000000
49.421252
38.000000
4.127814
38.000000
125.644207
38.000000
7.986933
38.000000
44.483761
38.000000
612.397270
38.000000
49.599937
38.000000
4.104847
38.000000
77.339931
38.000000
8.024841
38.000000
89.637177
38.000000
647.535983
38.000000
49.254719
38.000000
4.130362
38.000000
77.905717
37.000000
7.840491
37.000000
40.953658
37.000000
662.222765
37.000000
48.921024
37.000000
4.135140
37.000000
77.806070
38.000000
7.928359
38.000000
40.469206
38.000000
657.664121
38.000000
49.121640
38.000000
4.183928
38.000000
77.713153
38.000000
8.034522
38.000000
41.276149
38.000000
661.108864
38.000000
49.375285
38.000000
4.151693
38.000000
77.861127
38.000000
7.843903
38.000000
41.717038
38.000000
634.852687
38.000000
49.234338
38.000000
4.136638
38.000000
78.181589
38.000000
7.968309
38.000000
40.712308
38.000000
575.350052
38.000000
49.424771
38.000000
4.129633
38.000000
127.045515
38.000000
7.963723
38.000000
39.550084
38.000000
583.027683
38.000000
49.740617
38.000000
4.112888
38.000000
77.391263
38.000000
7.991009
38.000000
41.296357
38.000000
675.959647
38.000000
49.130684
38.000000
4.126841
38.000000
78.232684
38.000000
7.972345
38.000000
41.247649
38.000000
656.871683
38.000000
49.143835
38.000000
4.168772
38.000000
77.604738
38.000000
8.022230
38.000000
41.485915
38.000000
656.234695
38.000000
49.545008
38.000000
4.161668
38.000000
78.719590
38.000000
7.921611
38.000000
40.689651
38.000000
683.450833
38.000000
49.347858
38.000000
4.177001
38.000000
78.066548
38.000000
7.984225
38.000000
38.698800
38.000000
655.586431
38.000000
49.446619
38.000000
4.190526
38.000000
78.124989
38.000000
8.082419
38.000000
41.385812
38.000000
581.975003
38.000000
49.205254
38.000000
4.143243
38.000000
77.765078
38.000000
8.029586
38.000000
41.200096
38.000000
539.958609
38.000000
50.185395
38.000000
4.163603
38.000000
80.168864
38.000000
8.057554
38.000000
40.442888
38.000000
650.151193
38.000000
49.505690
38.000000
4.163856
38.000000
77.539192
38.000000
8.008860
38.000000
40.593021
38.000000
654.115153
38.000000
49.704358
38.000000
4.180472
38.000000
77.260217
38.000000
8.149348
38.000000
41.750418
38.000000
621.092085
38.000000
49.173980
38.000000
4.133581
38.000000
77.705357
38.000000
7.920911
38.000000
42.120180
38.000000
635.639660
38.000000
48.913877
38.000000
4.120096
38.000000
78.115668
38.000000
7.916518
38.000000
41.895297
38.000000
608.829868
38.000000
49.349813
38.000000
4.147626
38.000000
77.419068
37.000000
7.976278
37.000000
39.043698
37.000000
629.527380
37.000000
48.685205
37.000000
4.176214
37.000000
77.525101
38.000000
8.003139
38.000000
40.887260
38.000000
649.791304
38.000000
48.857653
38.000000
4.189657
38.000000
77.254059
37.000000
7.986609
37.000000
39.148369
37.000000
621.145213
37.000000
49.387496
37.000000
4.123909
37.000000
78.710053
38.000000
8.139601
38.000000
40.953719
38.000000
625.531663
38.000000
49.189989
38.000000
4.115695
38.000000
77.459960
38.000000
7.991732
38.000000
38.625887
38.000000
681.684236
38.000000
48.468011
38.000000
4.144997
38.000000
77.747692
38.000000
7.951469
38.000000
39.959397
38.000000
607.043806
38.000000
49.630240
38.000000
4.115289
38.000000
126.438979
37.000000
7.979796
37.000000
40.522485
37.000000
577.858903
37.000000
49.526323
37.000000
4.104081
37.000000
77.845637
38.000000
8.039227
38.000000
41.575657
38.000000
636.195552
38.000000
49.617100
38.000000
4.117110
38.000000
77.899485
39.000000
7.935192
39.000000
40.802488
39.000000
663.521340
39.000000
49.479556
39.000000
4.108952
39.000000
78.234212
38.000000
7.941533
38.000000
39.407670
38.000000
666.062625
38.000000
48.760479
38.000000
4.145555
38.000000
77.282105
38.000000
7.944541
38.000000
38.300604
38.000000
662.581930
38.000000
49.494431
38.000000
4.138514
38.000000
77.406942
38.000000
8.086372
38.000000
39.733059
38.000000
589.844223
38.000000
97.314595
38.000000
4.158718
38.000000
77.714261
38.000000
7.926346
38.000000
40.062741
38.000000
591.211984
38.000000
48.973539
38.000000
4.151366
38.000000
77.743022
38.000000
8.052174
38.000000
92.323426
38.000000
605.326686
38.000000
48.824032
38.000000
4.135988
38.000000
78.403716
38.000000
8.009601
38.000000
41.015640
38.000000
630.357560
38.000000
48.934693
38.000000
4.118965
38.000000
78.248047
39.000000
7.996115
39.000000
37.877148
39.000000
624.316553
39.000000
49.771699
39.000000
4.207047
39.000000
77.656250
38.000000
7.966065
38.000000
40.315712
38.000000
646.886686
38.000000
48.550319
38.000000
4.129389
38.000000
78.335792
38.000000
7.941578
38.000000
38.614580
38.000000
590.316609
38.000000
97.066024
38.000000
4.168942
38.000000
78.373750
38.000000
8.085750
38.000000
42.125490
38.000000
561.199893
38.000000
49.254160
38.000000
4.185062
38.000000
77.396949
38.000000
8.001994
38.000000
88.934231
38.000000
596.439685
38.000000
49.170477
38.000000
4.127179
38.000000
79.567103
38.000000
8.080315
38.000000
41.934068
38.000000
648.845679
38.000000
49.100184
38.000000
4.134380
38.000000
78.263868
38.000000
7.962213
38.000000
40.115406
38.000000
661.684989
38.000000
49.934507
38.000000
4.150772
38.000000
77.991665
38.000000
8.065098
38.000000
41.021947
38.000000
658.826468
38.000000
49.890521
38.000000
4.165079
38.000000
78.204234
39.000000
7.994406
39.000000
37.796328
39.000000
530.793560
39.000000
97.402234
39.000000
4.132230
39.000000
77.591250
38.000000
7.893836
38.000000
40.132310
38.000000
596.773146
38.000000
48.934622
38.000000
4.124724
38.000000
77.645255
38.000000
8.041083
38.000000
93.201125
38.000000
602.599962
38.000000
49.131699
38.000000
4.149563
38.000000
77.231796
38.000000
8.035708
38.000000
40.160732
38.000000
654.776664
38.000000
48.763720
38.000000
4.153849
38.000000
77.589014
38.000000
7.996161
38.000000
37.950465
38.000000
638.671558
38.000000
48.804559
38.000000
4.140747
38.000000
78.079008
39.000000
8.069517
39.000000
35.261866
39.000000
658.962371
39.000000
49.217199
39.000000
4.135792
39.000000
78.243836
38.000000
8.013304
38.000000
39.388862
38.000000
632.933645
38.000000
49.350193
38.000000
4.132820
38.000000
77.904119
38.000000
8.225049
38.000000
40.288219
38.000000
589.383772
38.000000
49.332370
38.000000
4.149365
38.000000
77.457590
38.000000
7.944507
38.000000
42.355896
38.000000
577.134264
38.000000
48.323638
38.000000
4.140020
38.000000
78.011205
38.000000
7.958135
38.000000
40.215320
38.000000
650.639973
38.000000
49.521990
38.000000
4.149993
38.000000
78.601155
38.000000
8.077276
38.000000
40.472662
38.000000
649.892425
38.000000
49.161269
38.000000
4.174185
38.000000
78.245394
38.000000
8.076876
38.000000
39.869635
38.000000
630.168916
38.000000
49.884119
38.000000
4.136674
38.000000
78.164877
38.000000
7.972899
38.000000
41.147489
38.000000
562.957002
38.000000
101.561730
38.000000
4.188557
38.000000
77.960803
38.000000
7.972223
38.000000
41.710178
38.000000
600.720304
38.000000
48.756382
38.000000
4.129475
38.000000
77.933936
38.000000
7.928689
38.000000
36.485380
38.000000
577.976714
38.000000
49.505212
38.000000
4.194140
38.000000
79.073959
38.000000
7.953757
38.000000
41.278477
38.000000
649.059080
38.000000
49.268513
38.000000
4.124520
38.000000
77.391692
38.000000
7.897613
38.000000
40.890000
38.000000
633.700804
38.000000
49.224794
38.000000
4.143495
38.000000
77.254224
38.000000
7.956597
38.000000
39.897746
38.000000
654.369958
38.000000
49.296513
38.000000
4.149266
38.000000
77.435105
38.000000
7.942500
38.000000
40.183167
38.000000
653.102996
38.000000
49.506206
38.000000
4.128612
38.000000
78.328900
38.000000
7.976491
38.000000
39.257512
38.000000
552.454286
38.000000
48.852379
38.000000
4.160828
38.000000
78.289255
38.000000
7.973624
38.000000
89.453180
38.000000
595.615707
38.000000
49.430976
38.000000
4.138237
38.000000
77.920821
38.000000
8.200001
38.000000
38.550297
38.000000
646.075011
38.000000
49.384297
38.000000
4.158620
38.000000
77.624181
39.000000
8.012708
39.000000
38.813458
39.000000
584.492431
39.000000
49.517533
39.000000
4.145769
39.000000
77.537538
38.000000
7.993273
38.000000
41.226214
38.000000
637.859900
38.000000
49.358063
38.000000
4.129383
38.000000
78.435421
38.000000
8.078396
38.000000
40.008117
38.000000
569.152910
38.000000
49.085599
38.000000
4.197852
38.000000
126.152933
38.000000
8.006978
38.000000
38.873936
38.000000
592.381286
38.000000
49.359869
38.000000
4.120396
38.000000
77.953723
39.000000
7.905539
39.000000
41.485012
39.000000
660.862827
39.000000
49.230514
39.000000
4.170385
39.000000
77.841017
38.000000
7.993066
38.000000
37.054206
38.000000
651.519438
38.000000
49.312588
38.000000
4.163436
38.000000
78.111579
39.000000
7.930712
39.000000
39.345569
39.000000
645.098343
39.000000
49.085850
39.000000
4.170940
39.000000
77.757508
38.000000
7.853344
38.000000
42.642454
38.000000
651.254307
38.000000
49.685756
38.000000
4.108043
38.000000
78.330320
38.000000
8.036269
38.000000
40.630706
38.000000
668.436897
38.000000
49.855574
38.000000
4.123762
38.000000
77.732737
39.000000
7.998617
39.000000
39.289008
39.000000
629.554514
39.000000
49.512614
39.000000
4.124316
39.000000
129.783535
37.000000
8.055335
37.000000
41.055506
37.000000
582.692586
37.000000
49.114033
37.000000
4.159216
37.000000
77.597735
39.000000
7.951788
39.000000
40.488205
39.000000
646.261561
39.000000
49.332719
39.000000
4.121833
39.000000
78.366719
39.000000
7.869464
39.000000
39.874325
39.000000
631.399126
39.000000
49.608369
39.000000
4.173714
39.000000
77.788651
38.000000
8.029802
38.000000
40.766011
38.000000
617.839531
38.000000
49.709075
38.000000
4.144783
38.000000
77.871686
39.000000
8.027094
39.000000
38.887128
39.000000
657.553023
39.000000
49.250516
39.000000
4.125918
39.000000
78.266868
38.000000
7.978564
38.000000
41.635442
38.000000
583.177512
38.000000
49.812930
38.000000
4.117892
38.000000
125.833661
37.000000
7.965999
37.000000
38.813227
37.000000
582.498469
37.000000
49.526309
37.000000
4.127893
37.000000
77.537918
38.000000
7.970321
38.000000
40.488571
38.000000
627.478747
38.000000
49.567463
38.000000
4.149359
38.000000
77.328942
38.000000
7.942548
38.000000
39.132553
38.000000
677.049322
38.000000
48.320510
38.000000
4.124670
38.000000
78.349155
38.000000
8.052680
38.000000
41.884215
38.000000
629.213390
38.000000
49.946799
38.000000
4.132788
38.000000
77.693940
38.000000
8.001889
38.000000
40.542503
38.000000
629.076899
38.000000
49.051511
38.000000
4.125934
38.000000
79.073059
38.000000
7.987618
38.000000
39.389883
38.000000
601.932770
38.000000
48.536339
38.000000
4.134355
38.000000
130.078041
38.000000
7.982456
38.000000
36.897185
38.000000
623.233260
38.000000
49.177914
38.000000
4.121800
38.000000
77.907170
38.000000
7.987638
38.000000
39.130808
38.000000
670.917451
38.000000
49.333545
38.000000
4.132451
38.000000
77.854280
38.000000
7.991201
38.000000
43.611329
38.000000
663.992722
38.000000
49.714945
38.000000
4.153499
38.000000
77.833363
38.000000
8.064467
38.000000
38.632482
38.000000
645.168656
38.000000
49.803654
38.000000
4.170413
38.000000
77.297642
38.000000
7.896036
38.000000
38.275421
38.000000
622.919489
38.000000
49.036102
38.000000
4.179167
38.000000
77.821404
38.000000
8.009570
38.000000
40.015047
38.000000
573.375211
38.000000
49.559394
38.000000
4.117380
38.000000
129.826948
38.000000
7.989160
38.000000
40.509930
38.000000
594.920619
38.000000
48.659903
38.000000
4.182457
38.000000
77.485586
38.000000
7.990692
38.000000
44.952114
38.000000
634.058604
38.000000
49.168126
38.000000
4.130420
38.000000
77.256603
38.000000
7.951836
38.000000
39.547065
38.000000
631.643904
38.000000
49.263673
38.000000
4.144759
38.000000
78.378467
39.000000
7.987107
39.000000
40.977471
39.000000
669.080643
39.000000
48.822526
39.000000
4.168449
39.000000
78.099378
38.000000
8.112533
38.000000
41.018350
38.000000
673.301161
38.000000
49.339938
38.000000
4.132377
38.000000
77.289374
38.000000
8.017223
38.000000
38.298214
38.000000
580.784536
38.000000
97.637449
38.000000
4.154641
38.000000
77.924218
38.000000
7.958995
38.000000
41.246925
38.000000
589.624766
38.000000
49.923326
38.000000
4.135578
38.000000
77.622069
38.000000
7.916079
38.000000
88.394660
38.000000
619.438903
38.000000
49.061127
38.000000
4.166414
38.000000
78.145156
38.000000
7.998418
38.000000
40.352828
38.000000
635.946975
38.000000
49.157500
38.000000
4.145025
38.000000
77.779370
38.000000
7.974388
38.000000
42.149179
38.000000
632.436059
38.000000
49.449572
38.000000
4.135334
38.000000
78.114088
38.000000
8.036521
38.000000
41.343302
38.000000
633.036645
38.000000
49.034302
38.000000
4.130426
38.000000
77.377450
38.000000
8.079042
38.000000
41.249158
38.000000
678.351577
38.000000
49.661537
38.000000
4.127581
38.000000
77.677121
38.000000
8.039785
38.000000
40.911558
38.000000
574.983247
38.000000
49.079114
38.000000
4.138545
38.000000
126.506020
38.000000
8.009954
38.000000
42.499244
38.000000
570.786815
38.000000
48.522777
38.000000
4.167109
38.000000
77.903464
38.000000
7.999063
38.000000
39.417205
38.000000
646.099562
38.000000
49.437406
38.000000
4.120772
38.000000
77.878748
38.000000
8.051846
38.000000
39.493755
38.000000
659.952941
38.000000
48.917325
38.000000
4.126314
38.000000
77.921271
39.000000
7.895133
39.000000
37.909270
39.000000
636.364329
39.000000
49.337957
39.000000
4.127630
39.000000
77.601866
38.000000
8.025030
38.000000
39.330711
38.000000
631.741937
38.000000
49.528899
38.000000
4.171919
38.000000
77.939711
38.000000
8.060531
38.000000
40.915954
38.000000
625.872011
38.000000
49.213211
38.000000
4.142111
38.000000
126.374795
38.000000
7.949184
38.000000
38.804248
38.000000
620.715287
38.000000
49.079753
38.000000
4.115852
38.000000
78.364448
38.000000
7.974869
38.000000
39.626999
38.000000
655.743423
38.000000
48.847800
38.000000
4.136506
38.000000
77.464074
38.000000
8.008473
38.000000
38.823265
38.000000
651.059149
38.000000
49.924418
38.000000
4.111896
38.000000
77.828143
38.000000
7.936285
38.000000
41.021175
38.000000
643.824759
38.000000
49.380181
38.000000
4.162270
38.000000
77.274091
38.000000
7.869144
38.000000
42.535274
38.000000
639.846045
38.000000
48.309756
38.000000
4.144237
38.000000
77.379360
39.000000
7.905605
39.000000
42.558442
39.000000
670.573366
39.000000
49.507283
39.000000
4.166288
39.000000
77.334602
38.000000
8.004104
38.000000
39.997030
38.000000
616.572406
38.000000
49.065765
38.000000
4.166918
38.000000
126.006443
38.000000
7.946478
38.000000
37.785545
38.000000
610.625182
38.000000
49.378789
38.000000
4.127426
38.000000
77.609035
38.000000
7.993208
38.000000
39.944055
38.000000
666.884957
38.000000
49.627198
38.000000
4.146463
38.000000
77.651782
40.000000
8.006579
40.000000
40.610928
40.000000
648.316890
40.000000
49.843791
40.000000
4.127635
40.000000
77.470444
38.000000
8.002579
38.000000
40.806006
38.000000
639.226024
38.000000
50.049202
38.000000
4.147302
38.000000
77.801476
38.000000
8.020099
38.000000
39.351496
38.000000
637.131638
38.000000
49.487433
38.000000
4.161119
38.000000
77.601771
38.000000
8.047515
38.000000
39.521373
38.000000
565.968810
38.000000
49.290638
38.000000
4.162661
38.000000
125.554471
38.000000
8.012688
38.000000
41.863872
38.000000
606.855386
38.000000
49.528175
38.000000
4.171239
38.000000
77.533802
38.000000
8.022559
38.000000
40.219991
38.000000
654.607594
38.000000
49.892382
38.000000
4.142662
38.000000
77.471101
39.000000
7.997783
39.000000
40.250634
39.000000
580.795600
39.000000
49.000419
39.000000
4.117957
39.000000
78.153874
38.000000
8.009166
38.000000
39.998303
38.000000
614.056832
38.000000
49.475226
38.000000
4.149342
38.000000
77.590433
38.000000
7.948031
38.000000
41.022051
38.000000
637.148691
38.000000
49.318253
38.000000
4.183097
38.000000
78.336540
38.000000
7.991521
38.000000
39.281259
38.000000
582.422938
38.000000
49.647847
38.000000
4.149197
38.000000
130.256483
38.000000
7.922482
38.000000
38.602991
38.000000
597.679404
38.000000
48.890985
38.000000
4.140065
38.000000
77.745799
38.000000
8.002349
38.000000
40.486422
38.000000
660.008467
38.000000
48.971137
38.000000
4.110321
38.000000
77.622201
39.000000
7.970429
39.000000
42.398355
39.000000
631.666713
39.000000
49.160197
39.000000
4.132890
39.000000
77.477275
38.000000
7.897228
38.000000
38.607487
38.000000
670.095429
38.000000
48.635335
38.000000
4.114698
38.000000
78.936112
38.000000
7.965634
38.000000
42.287449
38.000000
619.695417
38.000000
49.608509
38.000000
4.137535
38.000000
77.131128
38.000000
7.998495
38.000000
39.399492
38.000000
606.778419
38.000000
48.953709
38.000000
4.097374
38.000000
126.249364
38.000000
8.013708
38.000000
40.483517
38.000000
635.753582
38.000000
49.571579
38.000000
4.173372
38.000000
77.318156
38.000000
7.954164
38.000000
88.858547
38.000000
582.845589
38.000000
48.601239
38.000000
4.142373
38.000000
78.295935
38.000000
7.945134
38.000000
36.462597
38.000000
630.234841
38.000000
49.312342
38.000000
4.165707
38.000000
78.265196
38.000000
7.977731
38.000000
41.704215
38.000000
670.119480
38.000000
50.148911
38.000000
4.188061
38.000000
77.843175
39.000000
8.027285
39.000000
41.248817
39.000000
647.885675
39.000000
49.025287
39.000000
4.133140
39.000000
77.089170
38.000000
8.009218
38.000000
39.159224
38.000000
597.310295
38.000000
97.401203
38.000000
4.170083
38.000000
80.951565
38.000000
7.981737
38.000000
39.790450
38.000000
585.617302
38.000000
49.128441
38.000000
4.160003
38.000000
77.672481
38.000000
7.933225
38.000000
91.064612
38.000000
607.627731
38.000000
49.648893
38.000000
4.121313
38.000000
78.192283
38.000000
8.158896
38.000000
39.243790
38.000000
676.837467
38.000000
49.011109
38.000000
4.165824
38.000000
77.963760
38.000000
8.015497
38.000000
38.850071
38.000000
624.251327
38.000000
49.515811
38.000000
4.159395
38.000000
78.222672
38.000000
8.002901
38.000000
40.368201
38.000000
661.898106
38.000000
49.334158
38.000000
4.132675
38.000000
77.944973
39.000000
7.977183
39.000000
40.223326
39.000000
668.996791
39.000000
48.445161
39.000000
4.135045
39.000000
77.860364
38.000000
7.852616
38.000000
40.658525
38.000000
599.013252
38.000000
49.382934
38.000000
4.105608
38.000000
125.638289
38.000000
8.029127
38.000000
37.702653
38.000000
613.570415
38.000000
49.572702
38.000000
4.146408
38.000000
77.993745
38.000000
7.976049
38.000000
40.959319
38.000000
648.736516
38.000000
49.772253
38.000000
4.152940
38.000000
77.934147
39.000000
7.983777
39.000000
39.961605
39.000000
658.912729
39.000000
49.360093
39.000000
4.139935
39.000000
77.375143
38.000000
8.107990
38.000000
42.213039
38.000000
657.384246
38.000000
49.483675
38.000000
4.159795
38.000000
77.611014
41.000000
8.083973
41.000000
43.197359
41.000000
614.769540
41.000000
49.305982
41.000000
4.150600
41.000000
77.427457
38.000000
8.006457
38.000000
39.691996
38.000000
589.610336
38.000000
97.775557
38.000000
4.156124
38.000000
78.101994
38.000000
7.973469
38.000000
38.727295
38.000000
609.156751
38.000000
49.087324
38.000000
4.155235
38.000000
77.867215
38.000000
8.008631
38.000000
92.948321
38.000000
574.463513
38.000000
49.191286
38.000000
4.124274
38.000000
77.368617
39.000000
8.052997
39.000000
37.651345
39.000000
665.097510
39.000000
49.384786
39.000000
4.116528
39.000000
78.019248
38.000000
8.009665
38.000000
40.361702
38.000000
649.538706
38.000000
49.298159
38.000000
4.131220
38.000000
77.515347
38.000000
7.959370
38.000000
39.282386
38.000000
664.676319
38.000000
50.216700
38.000000
4.100645
38.000000
77.942823
38.000000
7.994222
38.000000
38.616111
38.000000
657.906658
38.000000
48.999473
38.000000
4.106681
38.000000
78.694580
38.000000
7.897471
38.000000
38.425139
38.000000
616.473183
38.000000
48.845638
38.000000
4.121934
38.000000
125.856680
38.000000
7.907531
38.000000
40.348323
38.000000
589.336276
38.000000
49.888390
38.000000
4.168327
38.000000
78.707192
40.000000
8.036657
40.000000
40.656530
40.000000
659.887722
40.000000
49.583937
40.000000
4.148045
40.000000
78.028895
38.000000
8.042387
38.000000
38.300874
38.000000
590.303091
38.000000
49.477384
38.000000
4.147055
38.000000
78.035540
38.000000
7.999054
38.000000
37.657218
38.000000
669.406626
38.000000
49.236611
38.000000
4.152027
38.000000
77.880241
38.000000
7.926118
38.000000
40.678181
38.000000
649.309187
38.000000
49.652587
38.000000
4.142741
38.000000
79.466559
38.000000
7.902380
38.000000
39.615555
38.000000
613.360469
38.000000
97.365056
38.000000
4.145558
38.000000
77.409392
40.000000
8.016300
40.000000
40.148245
40.000000
583.015519
40.000000
49.408016
40.000000
4.164508
40.000000
77.865041
39.000000
8.028911
39.000000
38.088415
39.000000
670.645021
39.000000
48.517873
39.000000
4.143232
39.000000
78.297432
38.000000
7.968652
38.000000
38.877117
38.000000
643.008104
38.000000
49.516850
38.000000
4.142128
38.000000
77.883197
38.000000
8.007474
38.000000
40.511220
38.000000
670.272395
38.000000
48.581047
38.000000
4.118041
38.000000
77.832755
38.000000
8.032308
38.000000
42.295237
38.000000
653.648397
38.000000
49.234722
38.000000
4.158862
38.000000
77.788320
38.000000
7.936201
38.000000
38.568018
38.000000
666.261703
38.000000
49.780655
38.000000
4.109793
38.000000
78.456697
38.000000
8.027959
38.000000
42.142390
38.000000
612.913980
38.000000
49.208865
38.000000
4.104540
38.000000
126.374148
38.000000
7.983027
38.000000
41.903908
38.000000
581.295146
38.000000
48.629891
38.000000
4.146647
38.000000
77.991336
38.000000
7.993834
38.000000
42.557337
38.000000
651.632317
38.000000
49.146376
38.000000
4.165633
38.000000
78.564315
39.000000
9.056172
39.000000
40.980692
39.000000
662.086412
39.000000
49.259715
39.000000
4.109711
39.000000
77.153641
38.000000
7.933229
38.000000
36.571250
38.000000
670.989232
38.000000
49.441512
38.000000
4.196005
38.000000
77.484018
38.000000
7.993445
38.000000
37.557004
38.000000
629.041133
38.000000
49.073215
38.000000
4.152858
38.000000
77.676018
38.000000
7.943360
38.000000
38.324292
38.000000
593.574849
38.000000
99.422933
38.000000
4.184612
38.000000
78.035146
38.000000
8.008071
38.000000
39.166928
38.000000
609.380802
38.000000
49.483584
38.000000
4.130344
38.000000
77.834722
38.000000
7.945631
38.000000
87.856983
38.000000
548.467348
38.000000
49.429324
38.000000
4.121213
38.000000
78.428588
38.000000
7.997422
38.000000
40.144563
38.000000
650.889373
38.000000
49.544413
38.000000
4.132814
38.000000
77.941524
38.000000
8.009679
38.000000
41.363222
38.000000
619.997406
38.000000
49.006619
38.000000
4.132684
38.000000
77.817575
38.000000
7.953859
38.000000
39.212126
38.000000
649.201335
38.000000
49.471071
38.000000
4.133475
38.000000
78.262630
38.000000
7.972777
38.000000
40.298347
38.000000
603.924380
38.000000
96.544670
38.000000
4.160545
38.000000
77.666888
38.000000
7.953956
38.000000
40.235742
38.000000
599.154442
38.000000
49.406787
38.000000
4.180792
38.000000
77.653974
39.000000
8.038372
39.000000
86.911309
39.000000
608.703203
39.000000
49.678900
39.000000
4.119567
39.000000
77.288289
38.000000
7.916657
38.000000
39.761090
38.000000
644.841295
38.000000
49.275296
38.000000
4.111650
38.000000
78.297534
38.000000
8.022061
38.000000
39.825204
38.000000
632.984218
38.000000
49.757348
38.000000
4.154503
38.000000
77.632098
38.000000
8.234530
38.000000
41.911403
38.000000
625.049699
38.000000
49.682549
38.000000
4.118354
38.000000
78.246373
38.000000
7.967518
38.000000
39.014845
38.000000
606.017179
38.000000
98.114426
38.000000
4.162142
38.000000
77.656852
39.000000
7.804083
39.000000
38.972046
39.000000
583.501175
39.000000
49.042349
39.000000
4.174266
39.000000
78.147238
39.000000
8.267380
39.000000
91.331812
39.000000
626.776782
39.000000
49.189866
39.000000
4.155788
39.000000
78.145623
38.000000
8.025682
38.000000
41.035408
38.000000
648.667635
38.000000
49.332953
38.000000
4.139750
38.000000
78.114832
38.000000
8.070773
38.000000
39.949055
38.000000
672.232317
38.000000
49.724825
38.000000
4.133355
38.000000
77.886765
38.000000
8.012821
38.000000
41.522843
38.000000
625.835836
38.000000
49.097136
38.000000
4.132537
38.000000
77.571904
38.000000
8.034373
38.000000
40.615159
38.000000
638.625186
38.000000
48.351598
38.000000
4.167143
38.000000
77.925719
38.000000
8.028422
38.000000
38.542008
38.000000
613.644085
38.000000
48.426527
38.000000
4.144811
38.000000
126.023305
38.000000
8.005324
38.000000
41.043090
38.000000
590.594590
38.000000
49.355823
38.000000
4.149639
38.000000
77.785740
38.000000
8.026635
38.000000
40.197449
38.000000
633.866020
38.000000
49.601906
38.000000
4.126352
38.000000
78.177182
38.000000
7.884997
38.000000
40.644913
38.000000
621.554998
38.000000
49.272527
38.000000
4.168180
38.000000
78.489506
38.000000
7.905421
38.000000
41.455040
38.000000
639.652302
38.000000
49.446476
38.000000
4.159346
38.000000
78.821129
39.000000
8.000205
39.000000
37.310663
39.000000
651.265437
39.000000
49.707080
39.000000
4.155074
39.000000
77.942707
39.000000
8.009186
39.000000
40.046217
39.000000
560.394465
39.000000
48.824148
39.000000
4.149737
39.000000
129.928666
38.000000
8.026859
38.000000
39.755606
38.000000
588.386113
38.000000
49.066837
38.000000
4.167536
38.000000
78.130097
38.000000
7.910071
38.000000
39.722117
38.000000
623.240128
38.000000
48.957138
38.000000
4.119038
38.000000
78.179983
38.000000
8.059913
38.000000
36.573891
38.000000
657.752774
38.000000
49.462911
38.000000
4.168142
38.000000
78.003110
38.000000
8.039810
38.000000
41.964846
38.000000
647.722747
38.000000
50.070289
38.000000
4.172641
38.000000
78.266739
39.000000
8.054611
39.000000
41.026885
39.000000
637.112026
39.000000
49.629595
39.000000
4.176039
39.000000
77.493926
38.000000
7.908886
38.000000
39.065704
38.000000
616.761871
38.000000
49.559303
38.000000
4.180623
38.000000
125.984205
38.000000
7.918654
38.000000
37.278567
38.000000
616.665782
38.000000
49.327069
38.000000
4.168555
38.000000
78.725450
38.000000
7.840058
38.000000
40.427459
38.000000
637.628594
38.000000
49.256358
38.000000
4.175363
38.000000
77.421834
39.000000
7.967862
39.000000
43.826055
39.000000
648.054959
39.000000
49.723938
39.000000
4.127484
39.000000
77.275678
38.000000
8.004594
38.000000
39.129002
38.000000
642.162360
38.000000
49.009403
38.000000
4.140573
38.000000
77.350819
40.000000
7.826930
40.000000
38.193108
40.000000
655.547789
40.000000
49.571205
40.000000
4.161953
40.000000
77.815993
38.000000
7.949091
38.000000
36.608061
38.000000
534.938545
38.000000
49.508717
38.000000
4.125871
38.000000
126.025777
38.000000
8.150769
38.000000
39.518086
38.000000
586.133495
38.000000
48.329319
38.000000
4.108393
38.000000
77.536053
38.000000
7.953545
38.000000
34.931736
38.000000
654.169010
38.000000
49.596310
38.000000
4.147653
38.000000
77.166853
39.000000
7.999374
39.000000
38.808328
39.000000
646.695689
39.000000
49.260585
39.000000
4.118511
39.000000
77.460254
38.000000
7.964096
38.000000
40.185169
38.000000
684.146907
38.000000
49.468225
38.000000
4.120170
38.000000
77.577538
40.000000
7.882536
40.000000
38.866339
40.000000
663.269225
40.000000
49.573860
40.000000
4.158525
40.000000
78.197866
39.000000
7.979091
39.000000
41.670614
39.000000
579.157796
39.000000
97.527709
39.000000
4.139093
39.000000
77.827122
38.000000
8.092883
38.000000
38.770562
38.000000
587.804992
38.000000
49.688551
38.000000
4.172740
38.000000
77.711809
38.000000
7.965047
38.000000
86.296367
38.000000
631.569144
38.000000
49.623465
38.000000
4.124055
38.000000
78.546125
38.000000
8.011744
38.000000
41.433123
38.000000
611.798394
38.000000
48.674360
38.000000
4.169180
38.000000
77.182111
38.000000
8.056179
38.000000
41.751319
38.000000
675.504415
38.000000
49.408733
38.000000
4.179538
38.000000
77.256058
39.000000
8.087999
39.000000
39.599317
39.000000
644.290578
39.000000
49.146380
39.000000
4.126611
39.000000
78.172035
38.000000
8.026093
38.000000
39.809616
38.000000
631.500716
38.000000
48.887282
38.000000
4.135233
38.000000
77.747908
38.000000
7.970881
38.000000
39.166900
38.000000
543.946121
38.000000
48.972827
38.000000
4.132318
38.000000
77.525624
38.000000
8.089211
38.000000
91.638448
38.000000
598.407864
38.000000
48.716808
38.000000
4.134398
38.000000
77.707009
38.000000
8.049051
38.000000
40.090087
38.000000
625.836302
38.000000
49.653212
38.000000
4.146248
38.000000
77.669848
38.000000
7.999317
38.000000
39.000255
38.000000
657.958743
38.000000
49.327406
38.000000
4.106204
38.000000
78.291149
38.000000
7.910918
38.000000
41.181965
38.000000
641.436000
38.000000
49.390230
38.000000
4.130065
38.000000
77.346230
38.000000
8.020111
38.000000
41.053573
38.000000
601.492557
38.000000
97.541991
38.000000
4.158967
38.000000
78.338878
38.000000
7.994562
38.000000
41.177851
38.000000
597.262798
38.000000
49.254821
38.000000
4.143191
38.000000
77.918816
38.000000
7.891562
38.000000
42.968360
38.000000
597.834525
38.000000
49.068116
38.000000
4.139793
38.000000
77.726585
38.000000
7.903968
38.000000
40.610077
38.000000
632.791226
38.000000
49.069437
38.000000
4.133016
38.000000
78.327029
38.000000
8.017838
38.000000
42.795320
38.000000
628.805205
38.000000
49.646634
38.000000
4.131158
38.000000
77.599749
38.000000
7.988154
38.000000
39.769344
38.000000
631.240098
38.000000
48.925252
38.000000
4.123332
38.000000
78.289990
38.000000
7.973655
38.000000
36.942239
38.000000
649.635807
38.000000
49.645706
38.000000
4.127220
38.000000
78.189406
38.000000
7.927604
38.000000
39.924055
38.000000
618.477976
38.000000
48.923245
38.000000
4.118757
38.000000
125.874529
39.000000
8.024980
39.000000
40.146022
39.000000
595.321050
39.000000
49.061091
39.000000
4.141393
39.000000
77.881367
38.000000
8.044010
38.000000
40.763727
38.000000
618.236004
38.000000
48.999128
38.000000
4.140537
38.000000
78.040550
39.000000
8.009235
39.000000
39.502176
39.000000
647.497113
39.000000
49.761648
39.000000
4.157194
39.000000
77.898911
38.000000
7.959378
38.000000
42.313711
38.000000
660.039903
38.000000
49.565306
38.000000
4.124705
38.000000
77.597754
39.000000
8.020192
39.000000
40.118198
39.000000
648.074099
39.000000
49.238476
39.000000
4.163561
39.000000
78.293175
38.000000
7.950543
38.000000
43.938322
38.000000
607.327045
38.000000
97.562690
38.000000
4.108970
38.000000
78.004754
38.000000
7.887519
38.000000
41.900774
38.000000
603.692370
38.000000
49.689770
38.000000
4.141098
38.000000
77.825371
39.000000
7.967771
39.000000
91.160969
39.000000
607.415727
39.000000
49.135611
39.000000
4.169761
39.000000
77.131518
38.000000
7.999092
38.000000
40.230840
38.000000
663.893198
38.000000
49.438241
38.000000
4.123423
38.000000
77.849129
38.000000
8.070842
38.000000
40.222011
38.000000
661.647553
38.000000
49.467288
38.000000
4.156461
38.000000
77.208802
38.000000
8.040502
38.000000
40.391363
38.000000
620.850227
38.000000
49.335040
38.000000
4.111943
38.000000
77.370266
38.000000
7.985726
38.000000
40.401639
38.000000
642.572379
38.000000
49.006313
38.000000
4.159516
38.000000
78.062397
38.000000
7.989048
38.000000
37.828636
38.000000
620.542369
38.000000
49.438604
38.000000
4.119864
38.000000
126.586717
38.000000
7.893046
38.000000
39.739654
38.000000
544.071814
38.000000
49.495478
38.000000
4.120240
38.000000
77.926053
38.000000
8.010634
38.000000
37.453862
38.000000
643.384008
38.000000
49.246083
38.000000
4.145335
38.000000
78.487666
38.000000
7.965465
38.000000
39.556860
38.000000
673.164940
38.000000
50.117719
38.000000
4.159029
38.000000
77.456551
38.000000
7.954281
38.000000
41.573988
38.000000
638.219026
38.000000
48.925553
38.000000
4.120382
38.000000
77.647525
38.000000
7.975844
38.000000
40.257497
38.000000
606.092360
38.000000
50.549736
38.000000
4.110517
38.000000
77.479437
38.000000
8.001707
38.000000
40.758065
38.000000
610.833954
38.000000
49.201832
38.000000
4.131943
38.000000
127.235562
38.000000
8.005775
38.000000
41.275951
38.000000
598.923854
38.000000
49.687306
38.000000
4.156645
38.000000
78.361135
38.000000
7.957727
38.000000
40.487574
38.000000
667.423863
38.000000
49.792864
38.000000
4.160007
38.000000
77.512373
38.000000
7.970967
38.000000
40.363350
38.000000
690.588015
38.000000
49.501706
38.000000
4.145569
38.000000
77.957396
39.000000
7.874713
39.000000
41.353298
39.000000
676.095750
39.000000
49.425876
39.000000
4.132908
39.000000
77.817410
38.000000
7.863271
38.000000
40.532189
38.000000
650.434272
38.000000
50.243615
38.000000
4.158790
38.000000
78.244893
39.000000
7.929564
39.000000
38.898565
39.000000
636.461970
39.000000
49.678833
39.000000
4.176372
39.000000
77.307124
39.000000
7.921269
39.000000
40.310997
39.000000
581.216704
39.000000
48.899027
39.000000
4.124386
39.000000
78.283287
38.000000
7.909266
38.000000
36.011480
38.000000
594.482224
38.000000
48.943796
38.000000
4.138191
38.000000
80.395412
38.000000
8.014004
38.000000
39.641621
38.000000
651.768204
38.000000
49.364290
38.000000
4.158334
38.000000
78.329428
38.000000
7.865128
38.000000
37.894599
38.000000
649.657255
38.000000
49.341769
38.000000
4.183158
38.000000
78.333133
38.000000
8.203204
38.000000
39.330154
38.000000
659.889205
38.000000
49.398894
38.000000
4.105738
38.000000
77.455890
38.000000
8.074561
38.000000
41.150587
38.000000
643.920825
38.000000
49.496531
38.000000
4.115162
38.000000
77.246638
38.000000
8.109179
38.000000
40.779382
38.000000
601.316369
38.000000
49.085898
38.000000
4.196654
38.000000
130.492753
38.000000
8.027506
38.000000
41.113850
38.000000
567.899299
38.000000
49.773245
38.000000
4.154436
38.000000
77.517643
38.000000
7.948199
38.000000
39.338528
38.000000
641.610794
38.000000
49.585127
38.000000
4.175516
38.000000
78.060919
39.000000
8.000699
39.000000
38.992357
39.000000
650.110679
39.000000
48.564550
39.000000
4.153092
39.000000
77.466779
38.000000
7.945863
38.000000
38.750609
38.000000
632.550639
38.000000
48.982006
38.000000
4.205262
38.000000
77.823985
38.000000
7.969278
38.000000
37.796830
38.000000
667.814792
38.000000
48.146063
38.000000
4.159258
38.000000
77.991878
38.000000
8.006747
38.000000
39.255170
38.000000
615.236407
38.000000
48.104207
38.000000
52.198928
38.000000
77.933863
39.000000
7.910994
39.000000
41.660982
39.000000
589.861157
39.000000
49.341565
39.000000
4.153908
39.000000
78.102763
39.000000
7.910201
39.000000
38.595944
39.000000
646.067065
39.000000
50.029199
39.000000
4.137672
39.000000
78.572278
40.000000
7.977962
40.000000
38.713757
40.000000
652.589027
40.000000
48.993461
40.000000
4.154049
40.000000
78.450773
38.000000
8.062276
38.000000
38.877346
38.000000
702.418928
38.000000
48.182537
38.000000
4.131004
38.000000
77.628789
39.000000
8.020825
39.000000
40.837047
39.000000
634.911519
39.000000
48.603061
39.000000
4.128260
39.000000
78.420591
38.000000
7.927708
38.000000
41.129537
38.000000
671.766986
38.000000
50.214022
38.000000
4.126299
38.000000
