100.208000
38.000000
17.872858
38.000000
52.262947
38.000000
752.374529
38.000000
62.399639
38.000000
5.144765
38.000000
98.239522
38.000000
9.953435
38.000000
99.511934
38.000000
754.330615
38.000000
61.394465
38.000000
5.283788
38.000000
96.658803
38.000000
57.982402
38.000000
56.188072
38.000000
750.240906
38.000000
61.821797
38.000000
5.200888
38.000000
145.492061
38.000000
9.953088
38.000000
48.933062
38.000000
756.612142
38.000000
61.765869
38.000000
5.224099
38.000000
145.001584
38.000000
9.890604
38.000000
47.939486
38.000000
772.726143
38.000000
114.043112
38.000000
5.190985
38.000000
97.476426
38.000000
9.996636
38.000000
47.795037
38.000000
833.683228
38.000000
61.676995
38.000000
5.197442
38.000000
97.061125
38.000000
9.940091
38.000000
50.218292
38.000000
810.535538
38.000000
62.191731
38.000000
5.191955
38.000000
97.424533
38.000000
9.932125
38.000000
51.228342
38.000000
801.878341
38.000000
62.462508
38.000000
5.161750
38.000000
96.720447
38.000000
9.882071
38.000000
49.894747
38.000000
812.797173
38.000000
61.618458
38.000000
5.188790
38.000000
97.812081
39.000000
9.909875
39.000000
51.799543
39.000000
817.847815
39.000000
61.532716
39.000000
5.187569
39.000000
97.278484
38.000000
9.819749
38.000000
47.479906
38.000000
811.302525
38.000000
61.631375
38.000000
5.229223
38.000000
97.717312
38.000000
9.928367
38.000000
48.098537
38.000000
772.910671
38.000000
61.843994
38.000000
5.201131
38.000000
96.389883
38.000000
9.950469
38.000000
55.314384
38.000000
816.116924
38.000000
61.592060
38.000000
5.240362
38.000000
96.646517
38.000000
9.898872
38.000000
49.370863
38.000000
857.421740
38.000000
61.454809
38.000000
5.194011
38.000000
96.775472
38.000000
9.969383
38.000000
51.405973
38.000000
810.997272
38.000000
62.606847
38.000000
5.295862
38.000000
98.490781
38.000000
9.876435
38.000000
50.615850
38.000000
810.069268
38.000000
62.013919
38.000000
5.207099
38.000000
97.585155
38.000000
9.907852
38.000000
102.739965
38.000000
764.124624
38.000000
62.177231
38.000000
5.181947
38.000000
96.730242
38.000000
9.912577
38.000000
51.660192
38.000000
734.522332
38.000000
61.983759
38.000000
5.136246
38.000000
144.571032
38.000000
9.873255
38.000000
51.053644
38.000000
720.735303
38.000000
61.149225
38.000000
5.162707
38.000000
145.944009
38.000000
9.933039
38.000000
48.928616
38.000000
730.905909
38.000000
61.585578
38.000000
5.160172
38.000000
144.829982
40.000000
9.847533
40.000000
51.428758
40.000000
777.528968
40.000000
114.497818
40.000000
5.158870
40.000000
97.515152
38.000000
9.828979
38.000000
51.657399
38.000000
808.565996
38.000000
61.210108
38.000000
5.206739
38.000000
96.649502
38.000000
9.740650
38.000000
51.806092
38.000000
810.345366
38.000000
61.690225
38.000000
5.188119
38.000000
97.574103
38.000000
9.839525
38.000000
51.043879
38.000000
836.235058
38.000000
61.876471
38.000000
5.193702
38.000000
97.011125
38.000000
9.883023
38.000000
48.443988
38.000000
811.423054
38.000000
61.629002
38.000000
5.173795
38.000000
96.802888
38.000000
9.924852
38.000000
51.353533
38.000000
775.563399
38.000000
61.771476
38.000000
5.215758
38.000000
96.901669
38.000000
9.932248
38.000000
52.150212
38.000000
728.351406
38.000000
61.494517
38.000000
5.221283
38.000000
100.985027
38.000000
9.867992
38.000000
50.714017
38.000000
800.625813
38.000000
62.120509
38.000000
5.226461
38.000000
96.314988
38.000000
9.871875
38.000000
50.694666
38.000000
805.395197
38.000000
61.729261
38.000000
5.214223
38.000000
97.286612
38.000000
10.226978
38.000000
51.750435
38.000000
767.949363
38.000000
62.448475
38.000000
5.189952
38.000000
96.563935
38.000000
9.803379
38.000000
52.797741
38.000000
780.758240
38.000000
61.183754
38.000000
5.165340
38.000000
97.347599
38.000000
10.046100
38.000000
52.476625
38.000000
806.208299
38.000000
61.166807
38.000000
5.205695
38.000000
97.490100
38.000000
9.925925
38.000000
48.726433
38.000000
835.551179
38.000000
63.176231
38.000000
5.186065
38.000000
96.461197
38.000000
9.930282
38.000000
51.500279
38.000000
798.537866
38.000000
62.421099
38.000000
5.231908
38.000000
96.747782
38.000000
9.962949
38.000000
49.638530
38.000000
765.831109
38.000000
62.498112
38.000000
5.169578
38.000000
96.946218
38.000000
10.019386
38.000000
101.566270
38.000000
721.855421
38.000000
61.574390
38.000000
5.193014
38.000000
97.143809
38.000000
9.850757
38.000000
96.458188
38.000000
789.395266
38.000000
61.668572
38.000000
5.178950
38.000000
145.641158
38.000000
9.949741
38.000000
50.324151
38.000000
757.528979
38.000000
61.202628
38.000000
5.192575
38.000000
145.233842
38.000000
9.891710
38.000000
50.400817
38.000000
720.033069
38.000000
61.472705
38.000000
57.303595
38.000000
97.543372
38.000000
9.981609
38.000000
52.654790
38.000000
729.771666
38.000000
109.627775
38.000000
5.219623
38.000000
97.774501
38.000000
9.921312
38.000000
51.054073
38.000000
813.899217
38.000000
61.934665
38.000000
5.185910
38.000000
97.349529
41.000000
9.994599
41.000000
49.129140
41.000000
820.925633
41.000000
61.823204
41.000000
5.183314
41.000000
96.512757
39.000000
9.985843
39.000000
47.762999
39.000000
823.451744
39.000000
61.951398
39.000000
5.221065
39.000000
97.034484
38.000000
9.930864
38.000000
49.996607
38.000000
784.335531
38.000000
61.850338
38.000000
5.216744
38.000000
97.036281
38.000000
9.939479
38.000000
50.451568
38.000000
786.282834
38.000000
61.846431
38.000000
5.212511
38.000000
97.053591
38.000000
9.806406
38.000000
50.096798
38.000000
803.773305
38.000000
62.085226
38.000000
5.182497
38.000000
97.425885
38.000000
9.912467
38.000000
51.118358
38.000000
779.434343
38.000000
61.619084
38.000000
5.148766
38.000000
97.217792
38.000000
9.916540
38.000000
47.268009
38.000000
773.012342
38.000000
61.805094
38.000000
5.138824
38.000000
97.319836
38.000000
9.924243
38.000000
50.531754
38.000000
793.280009
38.000000
61.419656
38.000000
5.206387
38.000000
96.798544
39.000000
9.897410
39.000000
48.028632
39.000000
783.646985
39.000000
61.972754
39.000000
5.156079
39.000000
97.372919
38.000000
9.915040
38.000000
52.525616
38.000000
752.314766
38.000000
61.426643
38.000000
5.243954
38.000000
98.108547
38.000000
9.887884
38.000000
51.095652
38.000000
796.629178
38.000000
61.351425
38.000000
5.188261
38.000000
99.038746
38.000000
10.032103
38.000000
52.519435
38.000000
798.247200
38.000000
61.885128
38.000000
5.217014
38.000000
96.422442
38.000000
9.892068
38.000000
49.948615
38.000000
814.148607
38.000000
61.854429
38.000000
5.159090
38.000000
97.081810
39.000000
10.020560
39.000000
51.078290
39.000000
812.830290
39.000000
61.428638
39.000000
5.214814
39.000000
97.406516
38.000000
9.936090
38.000000
46.863936
38.000000
710.687103
38.000000
62.104464
38.000000
5.171497
38.000000
96.649264
39.000000
9.918069
39.000000
50.085247
39.000000
796.250522
39.000000
61.636972
39.000000
5.243854
39.000000
97.061752
39.000000
9.914720
39.000000
51.887492
39.000000
800.513081
39.000000
61.740306
39.000000
5.226016
39.000000
97.524631
38.000000
9.919049
38.000000
101.534605
38.000000
761.198595
38.000000
61.891270
38.000000
5.162013
38.000000
144.904860
38.000000
9.875486
38.000000
47.072401
38.000000
736.802564
38.000000
61.804980
38.000000
5.170384
38.000000
145.266531
38.000000
9.977583
38.000000
44.019032
38.000000
763.318458
38.000000
109.924449
38.000000
5.209428
38.000000
97.328893
38.000000
9.859155
38.000000
48.681567
38.000000
769.185138
38.000000
62.891347
38.000000
5.186304
38.000000
96.440503
38.000000
10.162149
38.000000
50.520249
38.000000
784.039833
38.000000
61.708922
38.000000
5.200779
38.000000
96.453204
38.000000
9.909117
38.000000
52.994848
38.000000
772.826823
38.000000
61.647755
38.000000
5.182059
38.000000
96.720429
38.000000
9.981747
38.000000
50.084851
38.000000
797.775817
38.000000
61.046640
38.000000
5.204442
38.000000
97.332730
38.000000
9.842014
38.000000
50.628304
38.000000
799.144039
38.000000
61.289041
38.000000
5.152361
38.000000
97.168314
38.000000
9.962939
38.000000
50.047426
38.000000
772.710225
38.000000
61.634650
38.000000
5.153753
38.000000
97.467429
39.000000
9.938895
39.000000
51.368081
39.000000
759.045220
39.000000
60.237170
39.000000
5.201305
39.000000
96.714541
38.000000
9.858173
38.000000
53.002373
38.000000
802.581858
38.000000
62.519066
38.000000
5.198090
38.000000
96.633155
38.000000
9.856810
38.000000
46.191093
38.000000
774.056784
38.000000
61.634579
38.000000
5.204864
38.000000
97.910221
38.000000
9.954286
38.000000
52.022353
38.000000
793.126095
38.000000
61.886937
38.000000
5.157401
38.000000
96.783510
39.000000
9.882928
39.000000
51.327807
39.000000
781.775283
39.000000
62.214715
39.000000
5.238470
39.000000
96.653528
39.000000
9.925407
39.000000
50.202615
39.000000
799.649773
39.000000
62.102849
39.000000
5.173098
39.000000
96.836398
38.000000
9.899912
38.000000
49.535455
38.000000
801.617341
38.000000
61.272900
38.000000
5.135470
38.000000
96.824427
39.000000
9.880672
39.000000
49.567172
39.000000
734.078594
39.000000
61.610871
39.000000
5.193274
39.000000
97.013648
38.000000
9.847309
38.000000
51.803116
38.000000
798.505919
38.000000
61.728505
38.000000
5.183234
38.000000
96.737079
40.000000
10.252237
40.000000
48.232166
40.000000
799.977971
40.000000
62.970790
40.000000
5.187726
40.000000
98.117266
38.000000
9.848941
38.000000
48.657339
38.000000
711.616844
38.000000
62.200201
38.000000
5.232412
38.000000
97.190715
38.000000
9.962064
38.000000
51.687261
38.000000
785.190646
38.000000
61.506694
38.000000
5.205279
38.000000
97.140869
38.000000
10.178706
38.000000
49.956352
38.000000
760.126835
38.000000
61.647552
38.000000
5.190120
38.000000
96.814051
38.000000
10.035439
38.000000
48.767733
38.000000
794.321714
38.000000
61.837497
38.000000
5.230390
38.000000
97.568725
38.000000
9.929421
38.000000
51.813600
38.000000
811.136016
38.000000
61.303747
38.000000
5.193495
38.000000
96.632612
38.000000
9.915557
38.000000
46.391514
38.000000
804.022834
38.000000
61.664224
38.000000
5.212482
38.000000
97.401514
38.000000
10.002247
38.000000
96.929234
38.000000
749.795381
38.000000
61.190924
38.000000
5.203344
38.000000
96.876110
38.000000
9.918377
38.000000
53.369648
38.000000
756.276556
38.000000
61.306235
38.000000
5.186092
38.000000
145.373328
38.000000
9.882322
38.000000
50.781631
38.000000
772.715818
38.000000
110.514988
38.000000
5.199916
38.000000
97.169497
39.000000
9.909459
39.000000
49.152732
39.000000
835.901937
39.000000
61.572931
39.000000
5.171269
39.000000
97.182871
38.000000
9.936240
38.000000
50.939373
38.000000
778.002832
38.000000
62.083139
38.000000
5.179742
38.000000
96.983620
38.000000
10.031182
38.000000
50.569343
38.000000
795.609017
38.000000
61.990019
38.000000
5.174704
38.000000
98.634869
39.000000
9.920480
39.000000
50.057475
39.000000
782.741143
39.000000
61.708449
39.000000
5.213020
39.000000
97.357322
38.000000
9.976423
38.000000
51.684231
38.000000
755.429315
38.000000
61.937951
38.000000
5.222044
38.000000
96.711085
38.000000
9.929927
38.000000
49.006612
38.000000
814.111659
38.000000
61.220518
38.000000
5.169151
38.000000
97.570685
39.000000
9.965659
39.000000
51.998112
39.000000
771.263759
39.000000
62.201416
39.000000
5.166923
39.000000
96.590726
38.000000
9.973933
38.000000
48.542140
38.000000
776.708461
38.000000
61.782940
38.000000
5.189531
38.000000
97.093835
39.000000
9.908194
39.000000
50.729286
39.000000
771.731882
39.000000
61.993072
39.000000
5.177976
39.000000
97.545473
38.000000
9.890167
38.000000
49.759235
38.000000
835.510018
38.000000
62.174096
38.000000
5.196340
38.000000
97.226342
38.000000
9.881809
38.000000
52.886988
38.000000
772.931858
38.000000
62.062394
38.000000
5.178036
38.000000
96.940644
38.000000
9.918160
38.000000
50.456137
38.000000
768.567387
38.000000
61.437989
38.000000
5.208434
38.000000
99.107723
38.000000
9.857054
38.000000
48.769637
38.000000
801.066695
38.000000
62.146060
38.000000
5.180912
38.000000
97.685118
39.000000
9.875360
39.000000
45.493364
39.000000
831.961424
39.000000
62.569602
39.000000
5.168753
39.000000
96.998965
38.000000
9.728482
38.000000
48.820648
38.000000
826.238523
38.000000
62.321541
38.000000
5.146212
38.000000
96.648825
39.000000
9.855003
39.000000
54.093837
39.000000
824.200308
39.000000
62.114943
39.000000
5.236071
39.000000
97.093422
38.000000
9.998508
38.000000
96.541952
38.000000
745.130984
38.000000
62.032566
38.000000
5.176676
38.000000
149.362812
38.000000
9.844216
38.000000
48.183262
38.000000
717.465531
38.000000
62.121577
38.000000
5.204840
38.000000
145.543482
38.000000
9.907775
38.000000
50.586205
38.000000
718.099166
38.000000
61.490574
38.000000
5.235352
38.000000
145.565205
38.000000
9.884167
38.000000
50.333051
38.000000
740.969138
38.000000
62.287447
38.000000
5.188133
38.000000
145.545210
38.000000
9.966814
38.000000
55.755225
38.000000
733.383291
38.000000
113.351303
38.000000
5.215396
38.000000
96.696540
38.000000
9.827290
38.000000
49.457475
38.000000
729.631649
38.000000
111.099824
38.000000
5.209849
38.000000
96.613055
39.000000
9.870759
39.000000
51.901425
39.000000
817.208067
39.000000
61.909280
39.000000
5.201059
39.000000
97.443468
38.000000
10.198171
38.000000
50.996771
38.000000
831.858594
38.000000
62.159014
38.000000
5.219655
38.000000
97.898481
38.000000
9.919293
38.000000
47.922458
38.000000
774.729155
38.000000
61.115608
38.000000
5.240456
38.000000
97.096934
38.000000
9.859110
38.000000
50.727791
38.000000
790.891728
38.000000
62.303561
38.000000
5.187616
38.000000
97.323923
38.000000
9.961379
38.000000
50.330792
38.000000
821.234940
38.000000
61.962846
38.000000
5.221807
38.000000
97.676602
38.000000
9.907959
38.000000
50.334623
38.000000
776.964950
38.000000
62.078883
38.000000
5.237168
38.000000
97.354982
38.000000
9.918808
38.000000
52.274275
38.000000
782.002837
38.000000
62.047309
38.000000
5.212022
38.000000
98.164754
38.000000
9.934905
38.000000
52.520332
38.000000
784.173268
38.000000
61.593390
38.000000
5.166518
38.000000
97.269978
38.000000
9.945645
38.000000
51.615740
38.000000
831.448284
38.000000
61.315505
38.000000
5.197832
38.000000
97.074870
38.000000
9.880757
38.000000
51.176147
38.000000
763.799061
38.000000
61.173765
38.000000
5.197728
38.000000
96.549378
38.000000
9.873274
38.000000
53.133356
38.000000
763.868296
38.000000
62.285096
38.000000
5.210582
38.000000
97.332372
39.000000
9.881927
39.000000
49.246214
39.000000
798.541370
39.000000
61.989926
39.000000
5.200940
39.000000
96.834773
38.000000
10.094192
38.000000
49.177481
38.000000
813.671277
38.000000
61.614919
38.000000
5.186819
38.000000
96.604580
38.000000
9.871032
38.000000
47.446578
38.000000
778.731121
38.000000
62.287061
38.000000
5.203357
38.000000
97.294411
38.000000
9.842095
38.000000
49.294509
38.000000
770.668511
38.000000
61.936228
38.000000
5.137345
38.000000
96.682913
39.000000
9.883363
39.000000
51.351485
39.000000
839.510907
39.000000
61.192099
39.000000
5.227359
39.000000
96.349079
38.000000
9.952487
38.000000
48.175737
38.000000
778.907670
38.000000
61.193937
38.000000
5.173462
38.000000
144.693529
38.000000
9.901615
38.000000
49.549590
38.000000
781.196595
38.000000
102.025367
38.000000
5.200144
38.000000
96.797003
38.000000
9.812832
38.000000
48.475862
38.000000
796.653832
38.000000
61.647392
38.000000
5.186297
38.000000
97.090357
38.000000
9.921501
38.000000
51.551485
38.000000
798.082085
38.000000
62.100836
38.000000
5.195549
38.000000
97.011809
38.000000
9.971856
38.000000
53.249099
38.000000
784.883798
38.000000
62.028578
38.000000
5.148698
38.000000
96.704945
40.000000
9.832901
40.000000
53.120427
40.000000
823.922245
40.000000
61.770107
40.000000
5.180546
40.000000
96.917478
38.000000
9.952604
38.000000
50.175488
38.000000
820.090844
38.000000
61.462538
38.000000
5.200690
38.000000
96.828403
38.000000
9.952659
38.000000
47.322399
38.000000
811.281586
38.000000
62.160218
38.000000
5.222625
38.000000
96.940152
39.000000
9.963723
39.000000
50.017789
39.000000
823.897633
39.000000
63.049636
39.000000
5.242037
39.000000
96.616620
38.000000
9.865792
38.000000
50.612746
38.000000
798.577667
38.000000
61.857842
38.000000
5.195201
38.000000
96.994653
38.000000
9.849763
38.000000
51.004260
38.000000
781.185816
38.000000
62.171069
38.000000
5.177642
38.000000
97.325034
39.000000
9.880770
39.000000
48.830633
39.000000
784.347503
39.000000
62.021685
39.000000
5.194536
39.000000
97.180288
38.000000
9.989709
38.000000
49.258321
38.000000
751.906215
38.000000
61.701432
38.000000
5.164212
38.000000
96.714724
38.000000
9.972880
38.000000
52.577271
38.000000
806.876620
38.000000
62.834748
38.000000
5.210799
38.000000
96.988575
38.000000
9.869271
38.000000
51.016830
38.000000
801.317905
38.000000
62.215489
38.000000
5.139236
38.000000
97.271858
39.000000
9.878200
39.000000
50.091930
39.000000
715.122502
39.000000
61.087042
39.000000
5.204415
39.000000
97.364363
38.000000
9.936446
38.000000
49.948002
38.000000
754.138091
38.000000
61.792116
38.000000
5.203608
38.000000
97.386128
38.000000
10.077535
38.000000
51.075458
38.000000
784.044170
38.000000
62.150352
38.000000
5.162119
38.000000
96.658161
38.000000
9.903256
38.000000
49.307524
38.000000
776.102521
38.000000
62.619924
38.000000
5.163605
38.000000
96.854939
38.000000
9.866485
38.000000
100.446776
38.000000
745.223395
38.000000
61.093336
38.000000
5.236755
38.000000
96.514317
38.000000
9.987720
38.000000
98.875839
38.000000
766.625793
38.000000
61.400869
38.000000
5.228494
38.000000
145.487815
39.000000
9.974372
39.000000
53.281650
39.000000
727.003781
39.000000
61.863699
39.000000
5.158238
39.000000
144.984912
38.000000
9.956728
38.000000
48.345767
38.000000
771.373626
38.000000
113.086394
38.000000
5.208918
38.000000
98.478319
38.000000
9.934969
38.000000
52.278750
38.000000
716.965320
38.000000
110.340967
38.000000
5.219537
38.000000
96.760573
39.000000
9.930105
39.000000
49.110863
39.000000
806.183850
39.000000
61.512657
39.000000
5.196744
39.000000
96.692870
39.000000
9.875940
39.000000
50.113148
39.000000
844.110061
39.000000
61.549480
39.000000
5.149546
39.000000
97.277934
38.000000
9.941068
38.000000
51.554988
38.000000
782.567297
38.000000
61.375495
38.000000
5.217373
38.000000
97.890741
38.000000
9.784952
38.000000
45.337966
38.000000
771.607555
38.000000
62.329759
38.000000
5.202269
38.000000
97.565818
38.000000
9.872330
38.000000
51.998723
38.000000
822.746281
38.000000
61.715312
38.000000
5.179438
38.000000
96.961194
38.000000
9.923898
38.000000
51.584085
38.000000
797.376130
38.000000
61.658492
38.000000
5.183648
38.000000
97.688559
39.000000
10.006890
39.000000
49.159322
39.000000
794.464962
39.000000
61.913947
39.000000
5.174494
39.000000
100.927755
38.000000
9.939084
38.000000
49.910545
38.000000
784.753867
38.000000
62.376385
38.000000
5.188497
38.000000
97.094997
38.000000
9.931493
38.000000
48.716585
38.000000
809.734883
38.000000
61.988275
38.000000
5.143745
38.000000
97.662130
38.000000
10.137441
38.000000
49.348820
38.000000
833.569704
38.000000
60.825228
38.000000
5.159520
38.000000
97.586121
40.000000
9.891134
40.000000
48.559902
40.000000
767.035228
40.000000
62.620554
40.000000
5.168706
40.000000
96.722610
39.000000
9.841338
39.000000
50.741324
39.000000
816.020977
39.000000
61.403851
39.000000
5.150054
39.000000
96.635504
38.000000
9.990875
38.000000
49.400206
38.000000
816.524847
38.000000
61.872568
38.000000
5.194544
38.000000
96.846897
38.000000
9.897309
38.000000
98.564404
38.000000
749.330210
38.000000
60.936044
38.000000
5.208797
38.000000
97.425414
38.000000
9.865687
38.000000
47.935391
38.000000
764.922968
38.000000
61.278183
38.000000
5.201034
38.000000
145.405161
38.000000
9.873046
38.000000
50.555815
38.000000
751.125933
38.000000
62.005509
38.000000
5.185165
38.000000
144.711000
38.000000
9.993590
38.000000
49.894462
38.000000
758.973140
38.000000
109.503522
38.000000
5.194439
38.000000
96.809339
38.000000
9.880776
38.000000
53.081562
38.000000
817.899934
38.000000
61.556835
38.000000
5.186230
38.000000
97.489443
38.000000
9.905793
38.000000
52.964382
38.000000
756.136024
38.000000
62.291413
38.000000
5.210833
38.000000
96.964260
38.000000
9.886070
38.000000
49.182796
38.000000
783.030076
38.000000
62.036682
38.000000
5.155600
38.000000
97.644728
38.000000
9.907425
38.000000
48.002913
38.000000
803.955978
38.000000
62.142561
38.000000
5.196520
38.000000
97.058988
39.000000
9.941326
39.000000
50.173188
39.000000
766.508278
39.000000
61.745167
39.000000
5.184880
39.000000
96.908477
38.000000
9.945217
38.000000
46.952247
38.000000
817.877446
38.000000
61.639043
38.000000
5.198853
38.000000
96.810396
38.000000
9.985382
38.000000
50.283370
38.000000
798.452800
38.000000
62.324490
38.000000
5.200739
38.000000
97.256328
38.000000
9.868820
38.000000
49.313594
38.000000
817.279914
38.000000
61.981867
38.000000
5.203712
38.000000
97.395843
38.000000
9.965593
38.000000
48.204792
38.000000
804.689975
38.000000
62.297488
38.000000
5.173114
38.000000
96.817264
38.000000
9.887761
38.000000
49.081002
38.000000
819.771450
38.000000
61.922793
38.000000
5.209168
38.000000
96.848738
38.000000
9.883162
38.000000
50.349708
38.000000
785.107030
38.000000
61.867364
38.000000
5.196302
38.000000
97.525757
38.000000
9.908899
38.000000
50.931374
38.000000
815.508487
38.000000
62.187710
38.000000
5.154786
38.000000
96.744229
38.000000
9.893386
38.000000
47.932064
38.000000
723.758596
38.000000
62.086264
38.000000
5.231987
38.000000
97.804129
38.000000
10.021830
38.000000
47.681287
38.000000
834.879919
38.000000
60.128200
38.000000
5.197047
38.000000
96.665790
40.000000
9.943068
40.000000
50.884426
40.000000
799.629066
40.000000
61.972611
40.000000
5.237987
40.000000
99.104882
38.000000
9.914158
38.000000
97.876899
38.000000
763.912247
38.000000
62.407185
38.000000
5.208104
38.000000
97.088224
38.000000
9.921009
38.000000
50.027962
38.000000
729.881098
38.000000
61.485960
38.000000
5.183739
38.000000
149.104409
38.000000
10.039826
38.000000
47.419679
38.000000
771.493567
38.000000
61.169438
38.000000
5.204444
38.000000
145.066586
38.000000
9.819269
38.000000
48.941188
38.000000
745.316169
38.000000
109.291173
38.000000
5.206345
38.000000
97.058856
39.000000
9.990358
39.000000
50.198842
39.000000
826.957397
39.000000
61.420755
39.000000
5.247790
39.000000
96.861312
40.000000
9.941310
40.000000
53.280316
40.000000
803.214026
40.000000
62.061216
40.000000
5.240304
40.000000
96.269216
38.000000
10.031217
38.000000
48.343818
38.000000
818.769583
38.000000
62.437263
38.000000
5.270452
38.000000
96.850548
39.000000
9.893231
39.000000
51.823508
39.000000
813.301618
39.000000
61.512101
39.000000
5.203036
39.000000
96.659845
38.000000
9.890544
38.000000
52.271448
38.000000
774.005097
38.000000
61.785041
38.000000
5.190574
38.000000
96.628885
39.000000
9.911071
39.000000
53.365553
39.000000
803.533167
39.000000
62.198803
39.000000
5.194069
39.000000
96.976352
38.000000
10.216809
38.000000
51.264301
38.000000
810.291619
38.000000
62.076504
38.000000
5.201331
38.000000
97.292973
38.000000
9.897305
38.000000
45.424249
38.000000
827.239381
38.000000
62.299937
38.000000
5.167994
38.000000
97.251951
38.000000
9.933998
38.000000
46.914402
38.000000
775.262136
38.000000
61.903397
38.000000
5.168230
38.000000
97.011622
39.000000
9.982591
39.000000
48.443069
39.000000
797.066850
39.000000
61.840789
39.000000
5.211164
39.000000
96.607457
38.000000
10.060905
38.000000
49.096844
38.000000
809.828142
38.000000
61.785079
38.000000
5.240859
38.000000
97.282810
38.000000
9.909212
38.000000
49.186327
38.000000
737.056006
38.000000
63.132633
38.000000
5.171453
38.000000
97.138875
39.000000
9.920985
39.000000
49.813170
39.000000
802.075636
39.000000
61.772678
39.000000
5.204840
39.000000
97.349063
38.000000
9.865373
38.000000
51.577219
38.000000
770.552536
38.000000
62.180913
38.000000
5.203417
38.000000
97.911666
38.000000
9.905416
38.000000
49.156275
38.000000
787.141871
38.000000
61.881936
38.000000
5.190791
38.000000
96.753552
39.000000
9.885572
39.000000
98.337734
39.000000
755.858059
39.000000
61.372709
39.000000
5.239716
39.000000
96.661514
39.000000
58.056753
39.000000
50.745237
39.000000
745.548674
39.000000
62.227852
39.000000
5.183298
39.000000
149.962561
38.000000
9.951464
38.000000
48.352644
38.000000
760.134158
38.000000
62.124329
38.000000
5.162092
38.000000
145.682110
38.000000
9.958906
38.000000
49.986540
38.000000
735.581183
38.000000
109.928065
38.000000
5.160478
38.000000
97.303068
39.000000
9.883378
39.000000
50.035942
39.000000
729.726195
39.000000
109.716169
39.000000
5.248629
39.000000
97.215949
38.000000
10.179462
38.000000
52.202189
38.000000
772.402907
38.000000
61.960030
38.000000
5.204143
38.000000
97.014658
39.000000
9.965758
39.000000
48.816593
39.000000
799.622688
39.000000
62.199821
39.000000
5.157456
39.000000
96.716962
38.000000
9.972285
38.000000
48.641865
38.000000
780.342016
38.000000
62.314079
38.000000
5.204333
38.000000
96.570023
38.000000
10.118452
38.000000
48.611168
38.000000
834.994187
38.000000
61.748812
38.000000
5.142111
38.000000
96.969117
39.000000
9.934632
39.000000
51.249749
39.000000
796.033277
39.000000
61.721981
39.000000
5.248256
39.000000
98.081815
38.000000
9.995362
38.000000
49.720280
38.000000
830.124155
38.000000
61.978578
38.000000
5.157242
38.000000
97.573983
38.000000
9.852404
38.000000
52.231522
38.000000
762.713318
38.000000
62.737173
38.000000
5.182335
38.000000
96.741440
38.000000
9.858431
38.000000
50.610375
38.000000
784.236846
38.000000
61.840883
38.000000
5.211492
38.000000
96.773343
38.000000
9.948633
38.000000
48.377238
38.000000
813.061253
38.000000
62.184864
38.000000
5.223463
38.000000
96.621385
38.000000
9.963744
38.000000
51.980484
38.000000
786.188036
38.000000
63.046088
38.000000
5.243977
38.000000
97.342395
38.000000
9.948366
38.000000
49.874940
38.000000
776.007201
38.000000
61.402873
38.000000
5.178693
38.000000
97.043519
38.000000
9.935083
38.000000
50.429291
38.000000
755.151893
38.000000
61.766870
38.000000
5.198544
38.000000
97.430109
38.000000
9.937538
38.000000
51.644103
38.000000
788.113016
38.000000
62.394611
38.000000
5.187731
38.000000
99.186112
38.000000
10.085380
38.000000
46.651275
38.000000
806.728067
38.000000
61.971094
38.000000
5.223043
38.000000
97.263953
38.000000
9.848373
38.000000
50.235774
38.000000
751.812867
38.000000
60.647950
38.000000
5.240491
38.000000
97.520319
38.000000
10.021317
38.000000
50.303479
38.000000
786.015180
38.000000
62.288805
38.000000
5.209517
38.000000
96.794323
38.000000
10.003581
38.000000
49.693283
38.000000
764.785822
38.000000
61.709347
38.000000
5.217667
38.000000
97.522532
38.000000
9.856730
38.000000
45.642616
38.000000
816.208723
38.000000
61.937157
38.000000
5.212787
38.000000
97.310945
38.000000
9.904461
38.000000
100.409462
38.000000
752.523967
38.000000
60.601392
38.000000
5.208419
38.000000
96.694248
38.000000
9.909113
38.000000
50.743025
38.000000
732.628672
38.000000
60.851664
38.000000
5.239840
38.000000
145.750628
38.000000
9.975552
38.000000
48.847400
38.000000
775.490313
38.000000
114.260745
38.000000
5.219736
38.000000
96.836832
39.000000
9.925687
39.000000
46.764418
39.000000
819.432844
39.000000
61.349029
39.000000
5.219579
39.000000
98.786401
38.000000
9.928874
38.000000
50.909460
38.000000
785.583371
38.000000
62.135613
38.000000
5.194919
38.000000
96.801331
38.000000
9.973302
38.000000
54.559265
38.000000
797.071926
38.000000
61.320635
38.000000
5.205828
38.000000
96.747030
38.000000
9.781475
38.000000
48.761233
38.000000
794.599435
38.000000
61.667774
38.000000
5.187807
38.000000
97.534485
38.000000
9.961534
38.000000
47.853766
38.000000
806.436044
38.000000
62.354517
38.000000
5.182921
38.000000
96.684793
38.000000
9.924770
38.000000
44.483852
38.000000
718.367742
38.000000
61.965752
38.000000
5.180906
38.000000
97.722759
38.000000
9.826647
38.000000
48.888298
38.000000
779.982363
38.000000
62.731865
38.000000
5.174834
38.000000
97.338587
39.000000
10.042090
39.000000
43.364428
39.000000
800.045281
39.000000
61.466740
39.000000
5.242669
39.000000
97.348494
38.000000
9.873744
38.000000
48.123990
38.000000
794.782041
38.000000
62.725246
38.000000
5.203073
38.000000
97.252208
38.000000
9.918841
38.000000
50.914678
38.000000
842.075147
38.000000
62.409168
38.000000
5.163196
38.000000
97.636658
38.000000
9.892630
38.000000
48.299369
38.000000
813.421309
38.000000
60.891754
38.000000
5.166118
38.000000
97.452753
39.000000
9.932810
39.000000
52.182654
39.000000
775.801544
39.000000
62.281008
39.000000
5.213336
39.000000
96.753616
38.000000
9.991105
38.000000
47.508323
38.000000
782.125060
38.000000
61.398573
38.000000
5.215525
38.000000
97.306246
39.000000
9.900747
39.000000
47.744266
39.000000
839.949317
39.000000
61.917954
39.000000
5.138108
39.000000
97.402769
38.000000
9.884824
38.000000
51.866203
38.000000
753.933044
38.000000
61.800072
38.000000
5.209176
38.000000
96.837173
38.000000
9.872673
38.000000
51.986044
38.000000
831.243982
38.000000
61.718879
38.000000
5.144248
38.000000
97.397679
39.000000
9.942404
39.000000
97.721957
39.000000
749.648501
39.000000
62.088843
39.000000
5.172156
39.000000
97.198202
39.000000
58.026370
39.000000
50.238555
39.000000
728.797524
39.000000
61.349268
39.000000
5.185382
39.000000
96.508423
38.000000
9.890817
38.000000
49.593215
38.000000
682.226273
38.000000
61.866404
38.000000
5.223185
38.000000
97.386858
38.000000
9.862283
38.000000
49.932580
38.000000
747.129832
38.000000
61.939846
38.000000
5.220442
38.000000
144.953970
38.000000
9.862342
38.000000
50.458613
38.000000
718.653913
38.000000
61.959362
38.000000
5.226391
38.000000
145.198023
38.000000
10.021759
38.000000
48.801745
38.000000
760.723292
38.000000
110.024837
38.000000
5.177043
38.000000
96.727988
38.000000
9.994178
38.000000
51.379734
38.000000
737.131388
38.000000
113.908091
38.000000
5.161915
38.000000
96.655160
38.000000
9.998577
38.000000
51.376543
38.000000
800.997607
38.000000
62.206711
38.000000
5.208751
38.000000
97.114702
38.000000
9.936341
38.000000
50.971651
38.000000
799.520262
38.000000
61.077150
38.000000
5.191898
38.000000
96.925796
38.000000
9.864430
38.000000
53.759521
38.000000
796.565029
38.000000
62.180096
38.000000
5.199785
38.000000
96.678855
38.000000
9.814957
38.000000
50.878691
38.000000
784.352587
38.000000
61.521990
38.000000
5.198311
38.000000
96.805023
38.000000
9.887816
38.000000
53.061829
38.000000
777.269415
38.000000
61.981395
38.000000
5.217834
38.000000
97.699484
38.000000
9.938176
38.000000
49.331779
38.000000
777.627371
38.000000
61.334209
38.000000
5.222393
38.000000
97.481941
38.000000
9.875404
38.000000
45.140615
38.000000
794.908900
38.000000
62.745007
38.000000
5.215972
38.000000
96.787048
38.000000
9.945838
38.000000
49.413052
38.000000
817.596671
38.000000
62.115566
38.000000
5.135655
38.000000
97.431117
38.000000
9.987967
38.000000
50.351986
38.000000
791.177775
38.000000
62.272082
38.000000
5.180414
38.000000
97.251600
38.000000
9.841440
38.000000
50.185200
38.000000
759.013881
38.000000
61.972218
38.000000
5.212280
38.000000
96.995863
38.000000
9.903608
38.000000
49.395969
38.000000
802.044689
38.000000
61.831817
38.000000
5.184386
38.000000
96.771934
38.000000
9.994599
38.000000
53.067080
38.000000
808.951294
38.000000
61.207684
38.000000
5.197341
38.000000
97.037107
38.000000
9.927251
38.000000
50.060633
38.000000
802.025703
38.000000
62.272417
38.000000
5.177872
38.000000
97.933358
38.000000
9.895161
38.000000
54.523068
38.000000
809.049069
38.000000
62.142348
38.000000
5.224660
38.000000
96.333767
39.000000
9.941941
39.000000
104.209698
39.000000
755.062752
39.000000
62.052243
39.000000
5.226290
39.000000
97.669137
37.000000
9.918473
37.000000
49.769904
37.000000
763.705167
37.000000
62.557826
37.000000
5.174545
37.000000
144.736607
38.000000
9.913691
38.000000
50.594635
38.000000
768.847370
38.000000
109.687403
38.000000
5.148085
38.000000
97.444584
40.000000
9.826961
40.000000
50.614826
40.000000
817.796800
40.000000
62.571268
40.000000
5.173687
40.000000
97.159039
38.000000
9.936160
38.000000
50.903884
38.000000
773.094521
38.000000
62.453257
38.000000
5.157520
38.000000
96.951125
38.000000
9.957921
38.000000
50.660677
38.000000
786.768328
38.000000
61.449630
38.000000
5.165036
38.000000
97.250174
39.000000
9.986558
39.000000
47.470487
39.000000
820.262211
39.000000
61.774027
39.000000
5.253931
39.000000
97.413229
39.000000
9.772651
39.000000
49.596437
39.000000
731.453788
39.000000
61.849038
39.000000
5.178197
39.000000
96.607325
38.000000
9.895660
38.000000
47.394653
38.000000
793.502895
38.000000
62.062503
38.000000
5.234196
38.000000
97.686290
38.000000
9.964966
38.000000
49.040133
38.000000
823.854975
38.000000
61.873616
38.000000
5.161142
38.000000
97.230493
38.000000
9.978143
38.000000
51.601145
38.000000
785.327500
38.000000
62.131840
38.000000
5.221905
38.000000
97.660141
38.000000
9.943284
38.000000
50.009718
38.000000
745.895664
38.000000
62.007748
38.000000
5.172195
38.000000
96.735172
38.000000
9.980778
38.000000
50.802503
38.000000
808.962055
38.000000
61.596171
38.000000
5.154283
38.000000
97.668142
38.000000
9.970368
38.000000
51.473177
38.000000
795.393571
38.000000
61.844444
38.000000
5.157522
38.000000
96.508178
38.000000
9.923762
38.000000
50.705588
38.000000
815.676822
38.000000
61.844145
38.000000
5.169400
38.000000
97.515003
38.000000
9.880439
38.000000
50.474155
38.000000
852.244632
38.000000
61.718060
38.000000
5.164951
38.000000
96.657215
39.000000
9.894105
39.000000
51.697618
39.000000
832.364889
39.000000
61.160990
39.000000
5.217616
39.000000
97.071078
37.000000
9.813251
37.000000
50.383755
37.000000
796.915996
37.000000
61.781776
37.000000
5.227715
37.000000
97.545214
39.000000
9.917792
39.000000
98.427729
39.000000
734.304556
39.000000
61.525698
39.000000
5.182178
39.000000
97.542014
38.000000
9.837853
38.000000
51.077001
38.000000
728.760110
38.000000
61.458580
38.000000
5.192084
38.000000
144.499206
38.000000
9.930196
38.000000
44.342743
38.000000
740.405526
38.000000
61.726617
38.000000
5.169962
38.000000
148.056988
38.000000
9.938587
38.000000
49.202390
38.000000
755.247498
38.000000
62.465327
38.000000
5.229300
38.000000
145.139597
38.000000
9.931182
38.000000
47.219892
38.000000
746.625592
38.000000
113.940801
38.000000
5.234944
38.000000
96.954921
38.000000
10.153418
38.000000
49.242474
38.000000
810.306357
38.000000
62.132700
38.000000
5.211852
38.000000
97.117710
39.000000
9.886991
39.000000
51.466114
39.000000
791.847267
39.000000
62.676337
39.000000
5.199911
39.000000
97.343312
38.000000
9.860481
38.000000
51.065199
38.000000
802.704010
38.000000
61.900784
38.000000
5.223475
38.000000
97.524407
38.000000
9.909301
38.000000
51.606461
38.000000
761.033178
38.000000
61.613269
38.000000
5.198460
38.000000
97.092301
38.000000
9.923502
38.000000
49.476048
38.000000
789.297926
38.000000
62.006166
38.000000
5.203607
38.000000
97.173956
38.000000
9.872042
38.000000
48.734959
38.000000
801.499004
38.000000
61.834002
38.000000
5.185517
38.000000
96.967819
38.000000
9.896597
38.000000
48.631280
38.000000
775.439401
38.000000
62.458635
38.000000
5.232280
38.000000
97.624455
38.000000
9.862103
38.000000
47.244844
38.000000
815.109436
38.000000
61.769831
38.000000
5.195890
38.000000
96.926085
38.000000
9.928281
38.000000
49.198161
38.000000
821.022325
38.000000
61.125550
38.000000
5.180337
38.000000
96.268719
38.000000
9.946565
38.000000
52.117989
38.000000
784.462010
38.000000
61.567431
38.000000
5.213800
38.000000
97.677488
38.000000
9.900269
38.000000
48.260216
38.000000
797.236293
38.000000
62.000162
38.000000
5.201438
38.000000
97.989136
38.000000
9.966616
38.000000
48.303215
38.000000
798.108729
38.000000
61.975378
38.000000
5.174158
38.000000
97.168936
38.000000
9.922442
38.000000
48.113729
38.000000
868.673811
38.000000
61.657588
38.000000
5.162692
38.000000
96.410610
38.000000
9.872174
38.000000
51.226440
38.000000
778.672794
38.000000
62.029614
38.000000
5.181801
38.000000
96.665307
38.000000
9.998442
38.000000
98.924666
38.000000
781.962107
38.000000
61.612753
38.000000
5.165254
38.000000
