40.462747
40.000000
7.339095
40.000000
20.663309
40.000000
303.015397
40.000000
24.497230
40.000000
2.074773
40.000000
39.261839
40.000000
3.986524
40.000000
20.324156
40.000000
302.115497
40.000000
25.259367
40.000000
2.076805
40.000000
39.190387
39.000000
3.961746
39.000000
22.424064
39.000000
299.645352
39.000000
24.440325
39.000000
2.061653
39.000000
39.319748
41.000000
3.924807
41.000000
19.556135
41.000000
348.725529
41.000000
24.928959
41.000000
2.079809
41.000000
39.065952
40.000000
4.022588
40.000000
19.199117
40.000000
310.239922
40.000000
25.263805
40.000000
2.082385
40.000000
38.713031
43.000000
4.005288
43.000000
19.460271
43.000000
362.528979
43.000000
25.085015
43.000000
2.087759
43.000000
38.883718
39.000000
3.952669
39.000000
20.285585
39.000000
304.002409
39.000000
24.779855
39.000000
2.065194
39.000000
39.348245
41.000000
4.062600
41.000000
20.496918
41.000000
301.861877
41.000000
24.704137
41.000000
2.067205
41.000000
39.058686
39.000000
4.016856
39.000000
19.921880
39.000000
357.966989
39.000000
25.107034
39.000000
2.097846
39.000000
38.772103
41.000000
3.986587
41.000000
20.892715
41.000000
307.984616
41.000000
24.907188
41.000000
2.088218
41.000000
38.846324
40.000000
4.030273
40.000000
18.971050
40.000000
351.899181
40.000000
24.868690
40.000000
2.070934
40.000000
38.991817
41.000000
3.986311
41.000000
19.095494
41.000000
291.080885
41.000000
25.090735
41.000000
2.101898
41.000000
39.325964
41.000000
4.004078
41.000000
22.383540
41.000000
304.756541
41.000000
72.859392
41.000000
2.063795
41.000000
39.305873
40.000000
3.999330
40.000000
19.803681
40.000000
324.740947
40.000000
24.513619
40.000000
2.051258
40.000000
39.102948
39.000000
4.013758
39.000000
20.528818
39.000000
309.075127
39.000000
24.474026
39.000000
2.063620
39.000000
39.701165
40.000000
3.995094
40.000000
20.149737
40.000000
358.623085
40.000000
24.622225
40.000000
2.059982
40.000000
38.939161
41.000000
3.986697
41.000000
20.448474
41.000000
305.253533
41.000000
24.893423
41.000000
2.088098
41.000000
39.483614
40.000000
3.955300
40.000000
20.625111
40.000000
342.772876
40.000000
24.572304
40.000000
2.068831
40.000000
39.168515
41.000000
4.076048
41.000000
20.291611
41.000000
287.492652
41.000000
24.773282
41.000000
2.060832
41.000000
39.862170
43.000000
4.000126
43.000000
19.898339
43.000000
292.594849
43.000000
24.666005
43.000000
50.149879
43.000000
39.136236
40.000000
3.949339
40.000000
20.560499
40.000000
310.762616
40.000000
24.818628
40.000000
2.049184
40.000000
38.812601
41.000000
4.008896
41.000000
20.680188
41.000000
305.317832
41.000000
24.610744
41.000000
2.071020
41.000000
38.857190
39.000000
3.972197
39.000000
20.796616
39.000000
359.347890
39.000000
24.910763
39.000000
2.059357
39.000000
39.490402
41.000000
4.010486
41.000000
20.389323
41.000000
316.682543
41.000000
24.567782
41.000000
2.059865
41.000000
39.287588
40.000000
4.004571
40.000000
19.502047
40.000000
353.182866
40.000000
24.836934
40.000000
2.072444
40.000000
39.342932
41.000000
4.018308
41.000000
20.330436
41.000000
292.278050
41.000000
24.585774
41.000000
2.050434
41.000000
39.175860
40.000000
3.995061
40.000000
20.481885
40.000000
273.676480
40.000000
24.538689
40.000000
2.066585
40.000000
92.418641
39.000000
4.001677
39.000000
20.199720
39.000000
301.954290
39.000000
24.678602
39.000000
2.057636
39.000000
38.894719
40.000000
4.052008
40.000000
20.299960
40.000000
300.014025
40.000000
24.824703
40.000000
2.062842
40.000000
38.987226
40.000000
4.030610
40.000000
20.797896
40.000000
321.917183
40.000000
24.552586
40.000000
2.068838
40.000000
39.280049
39.000000
4.032814
39.000000
20.960221
39.000000
293.125950
39.000000
24.564802
39.000000
2.076216
39.000000
39.504886
40.000000
4.008723
40.000000
20.943722
40.000000
356.986616
40.000000
24.359861
40.000000
2.054838
40.000000
38.726997
39.000000
3.969571
39.000000
19.357043
39.000000
313.802314
39.000000
24.487330
39.000000
2.072124
39.000000
39.207734
39.000000
3.995384
39.000000
20.615647
39.000000
301.353001
39.000000
24.783069
39.000000
2.058040
39.000000
39.182463
38.000000
3.948733
38.000000
19.460302
38.000000
286.754600
38.000000
25.020219
38.000000
2.068345
38.000000
39.230119
41.000000
3.948398
41.000000
20.411535
41.000000
289.369681
41.000000
24.995342
41.000000
2.060435
41.000000
38.959304
41.000000
3.927030
41.000000
19.213798
41.000000
362.827574
41.000000
24.698023
41.000000
2.089740
41.000000
39.071377
42.000000
3.952021
42.000000
19.941320
42.000000
302.235365
42.000000
24.591721
42.000000
2.049526
42.000000
38.771698
40.000000
3.992606
40.000000
20.176976
40.000000
336.481230
40.000000
24.705755
40.000000
2.058188
40.000000
39.269705
41.000000
3.963251
41.000000
20.954701
41.000000
292.653934
41.000000
24.435495
41.000000
2.085221
41.000000
39.390755
42.000000
3.977761
42.000000
20.380800
42.000000
306.529891
42.000000
24.755171
42.000000
2.062781
42.000000
38.825656
41.000000
3.950890
41.000000
19.683527
41.000000
362.307112
41.000000
24.660024
41.000000
2.070290
41.000000
38.900684
41.000000
4.025002
41.000000
19.223863
41.000000
307.399254
41.000000
24.600870
41.000000
2.068685
41.000000
39.154435
40.000000
4.016940
40.000000
20.026720
40.000000
343.302095
40.000000
24.432634
40.000000
2.072842
40.000000
39.064246
42.000000
3.936955
42.000000
20.387830
42.000000
295.103119
42.000000
24.406949
42.000000
2.071785
42.000000
39.216643
42.000000
4.013744
42.000000
19.957886
42.000000
302.031004
42.000000
72.806791
42.000000
2.072298
42.000000
38.839323
41.000000
4.022510
41.000000
20.425209
41.000000
293.354974
41.000000
24.850134
41.000000
2.058256
41.000000
38.816063
40.000000
4.005739
40.000000
19.204964
40.000000
289.836463
40.000000
24.671948
40.000000
2.094563
40.000000
39.292291
46.000000
4.033963
46.000000
20.188846
46.000000
349.201827
46.000000
24.748198
46.000000
2.061371
46.000000
39.217486
40.000000
3.962164
40.000000
19.321266
40.000000
294.922277
40.000000
24.430996
40.000000
2.085713
40.000000
38.977438
42.000000
4.008174
42.000000
20.969275
42.000000
332.257184
42.000000
24.706336
42.000000
2.091209
42.000000
38.765264
40.000000
3.963557
40.000000
20.250244
40.000000
300.880280
40.000000
24.788176
40.000000
2.055017
40.000000
39.927831
40.000000
3.943672
40.000000
20.831754
40.000000
301.703933
40.000000
24.706467
40.000000
2.060834
40.000000
39.026516
39.000000
3.934911
39.000000
72.335815
39.000000
306.203796
39.000000
23.958669
39.000000
2.076305
39.000000
39.001231
42.000000
4.035527
42.000000
20.334938
42.000000
305.203277
42.000000
24.681596
42.000000
2.065114
42.000000
39.030656
42.000000
4.001637
42.000000
19.043542
42.000000
308.917038
42.000000
24.792145
42.000000
2.063809
42.000000
38.909179
42.000000
4.078993
42.000000
20.108545
42.000000
299.319563
42.000000
24.723920
42.000000
2.062386
42.000000
39.186627
40.000000
3.979421
40.000000
20.759675
40.000000
301.052104
40.000000
72.242399
40.000000
2.062780
40.000000
38.744616
40.000000
4.032811
40.000000
20.105086
40.000000
300.989700
40.000000
24.643123
40.000000
2.056322
40.000000
39.113290
40.000000
4.001554
40.000000
18.952395
40.000000
294.142156
40.000000
24.815978
40.000000
2.089087
40.000000
38.750282
42.000000
4.051792
42.000000
17.861299
42.000000
358.611596
42.000000
24.968609
42.000000
2.092841
42.000000
38.787603
40.000000
4.016606
40.000000
19.589155
40.000000
297.256965
40.000000
24.861206
40.000000
2.072999
40.000000
39.019080
42.000000
4.072120
42.000000
20.004181
42.000000
330.986212
42.000000
24.299243
42.000000
2.067072
42.000000
38.825954
41.000000
4.080557
41.000000
21.268685
41.000000
288.352335
41.000000
24.810264
41.000000
2.078732
41.000000
39.258688
42.000000
4.049148
42.000000
20.169981
42.000000
298.494853
42.000000
24.641816
42.000000
2.050215
42.000000
38.819442
41.000000
52.121974
41.000000
20.056681
41.000000
300.657255
41.000000
24.649278
41.000000
2.096196
41.000000
38.782451
41.000000
4.069692
41.000000
20.057245
41.000000
290.167909
41.000000
24.658415
41.000000
2.062773
41.000000
38.839392
40.000000
3.981358
40.000000
20.579316
40.000000
332.233423
40.000000
25.349501
40.000000
2.064964
40.000000
38.615335
42.000000
4.018692
42.000000
20.972630
42.000000
301.467488
42.000000
24.673879
42.000000
2.079017
42.000000
38.892892
42.000000
4.005980
42.000000
18.301651
42.000000
293.151439
42.000000
76.912908
42.000000
2.075604
42.000000
39.059431
42.000000
4.003616
42.000000
20.723599
42.000000
298.727257
42.000000
24.255383
42.000000
2.073519
42.000000
39.155477
41.000000
3.968402
41.000000
20.547888
41.000000
292.122712
41.000000
24.940267
41.000000
2.064758
41.000000
39.059634
44.000000
4.084757
44.000000
19.969167
44.000000
347.572607
44.000000
24.606078
44.000000
2.085963
44.000000
39.048727
41.000000
3.970780
41.000000
19.950226
41.000000
303.495803
41.000000
24.722802
41.000000
2.083719
41.000000
38.996888
43.000000
4.010547
43.000000
19.663154
43.000000
321.040593
43.000000
24.926846
43.000000
2.070815
43.000000
39.179317
40.000000
4.013933
40.000000
20.769223
40.000000
299.036385
40.000000
24.729686
40.000000
2.053238
40.000000
38.952583
41.000000
4.100614
41.000000
19.156906
41.000000
299.504979
41.000000
24.974093
41.000000
2.092462
41.000000
39.298101
41.000000
3.945154
41.000000
19.478363
41.000000
265.511447
41.000000
24.689973
41.000000
2.064411
41.000000
39.017508
41.000000
3.969060
41.000000
20.484256
41.000000
294.000940
41.000000
24.362734
41.000000
2.077354
41.000000
39.514468
41.000000
4.029553
41.000000
19.849771
41.000000
332.624309
41.000000
24.648057
41.000000
2.084016
41.000000
39.139303
41.000000
4.079074
41.000000
19.466160
41.000000
296.269659
41.000000
24.533832
41.000000
2.071485
41.000000
39.186721
41.000000
4.014743
41.000000
20.628061
41.000000
305.121106
41.000000
24.752847
41.000000
2.081773
41.000000
87.223397
39.000000
4.091734
39.000000
18.482570
39.000000
302.105001
39.000000
25.084459
39.000000
2.071070
39.000000
39.101334
40.000000
3.976697
40.000000
19.903791
40.000000
299.460838
40.000000
24.111846
40.000000
2.073369
40.000000
39.031550
40.000000
3.953649
40.000000
21.315466
40.000000
355.977029
40.000000
24.700257
40.000000
2.069242
40.000000
39.447224
43.000000
3.997598
43.000000
20.364369
43.000000
309.427474
43.000000
24.587714
43.000000
2.074451
43.000000
38.744807
42.000000
3.988228
42.000000
19.653922
42.000000
363.267343
42.000000
24.991266
42.000000
2.072641
42.000000
39.288166
41.000000
4.015701
41.000000
20.496413
41.000000
291.230912
41.000000
24.732932
41.000000
2.073348
41.000000
38.900818
40.000000
3.946483
40.000000
20.460493
40.000000
299.021512
40.000000
24.455383
40.000000
2.089026
40.000000
87.602149
39.000000
3.965913
39.000000
19.984623
39.000000
293.563545
39.000000
24.770835
39.000000
2.066193
39.000000
39.076586
42.000000
3.975744
42.000000
20.637983
42.000000
283.970366
42.000000
24.863709
42.000000
2.075344
42.000000
38.757339
40.000000
4.050460
40.000000
19.793111
40.000000
355.826138
40.000000
24.661577
40.000000
2.104605
40.000000
39.059952
43.000000
4.011549
43.000000
20.992644
43.000000
289.368881
43.000000
24.414370
43.000000
2.056178
43.000000
38.530268
43.000000
3.968630
43.000000
19.467087
43.000000
339.110873
43.000000
24.561199
43.000000
2.077138
43.000000
38.882215
42.000000
4.015738
42.000000
20.313552
42.000000
290.901698
42.000000
24.569881
42.000000
2.070774
42.000000
39.085936
41.000000
4.021770
41.000000
19.768879
41.000000
314.255668
41.000000
24.713531
41.000000
2.085968
41.000000
39.006403
41.000000
4.045383
41.000000
20.873333
41.000000
340.634734
41.000000
25.368674
41.000000
2.058038
41.000000
39.209639
41.000000
4.015555
41.000000
20.023108
41.000000
290.616931
41.000000
24.693781
41.000000
2.084502
41.000000
39.787680
43.000000
4.039553
43.000000
19.516001
43.000000
353.525736
43.000000
25.086828
43.000000
2.074185
43.000000
39.109302
40.000000
3.964780
40.000000
18.325109
40.000000
311.215594
40.000000
24.456748
40.000000
2.053407
40.000000
39.214449
41.000000
3.991835
41.000000
19.572200
41.000000
312.273934
41.000000
72.466240
41.000000
2.089860
41.000000
39.081511
41.000000
3.953329
41.000000
21.799332
41.000000
310.040850
41.000000
24.808726
41.000000
2.077386
41.000000
39.075756
43.000000
3.971269
43.000000
19.235654
43.000000
298.095027
43.000000
24.017112
43.000000
2.078974
43.000000
39.027343
41.000000
4.078719
41.000000
19.431395
41.000000
340.329978
41.000000
24.966520
41.000000
2.067306
41.000000
38.938407
43.000000
4.007735
43.000000
20.487285
43.000000
287.070618
43.000000
24.805517
43.000000
2.067557
43.000000
38.980489
43.000000
4.099932
43.000000
19.889498
43.000000
346.390822
43.000000
24.714724
43.000000
2.099150
43.000000
38.809693
42.000000
4.005583
42.000000
22.314395
42.000000
294.004435
42.000000
24.498918
42.000000
2.068929
42.000000
38.882114
40.000000
3.973614
40.000000
19.802939
40.000000
290.608174
40.000000
24.727851
40.000000
2.054462
40.000000
38.722866
41.000000
3.975266
41.000000
68.794947
41.000000
309.135626
41.000000
25.015152
41.000000
2.076033
41.000000
38.989443
41.000000
4.044945
41.000000
20.324892
41.000000
312.971425
41.000000
25.116688
41.000000
2.069507
41.000000
39.142848
41.000000
3.979746
41.000000
19.053707
41.000000
343.060986
41.000000
24.849662
41.000000
2.112544
41.000000
39.123634
41.000000
4.129524
41.000000
20.422566
41.000000
295.240635
41.000000
24.675406
41.000000
2.071142
41.000000
39.393877
41.000000
4.033741
41.000000
20.373952
41.000000
357.735606
41.000000
24.856327
41.000000
2.088408
41.000000
39.173888
39.000000
3.976717
39.000000
20.288906
39.000000
291.230639
39.000000
25.000123
39.000000
2.080233
39.000000
39.132730
41.000000
4.072262
41.000000
20.994794
41.000000
293.643352
41.000000
24.672968
41.000000
2.064899
41.000000
38.850475
40.000000
4.019317
40.000000
20.641301
40.000000
341.432056
40.000000
23.901583
40.000000
2.079587
40.000000
38.906530
40.000000
4.011355
40.000000
20.786564
40.000000
312.547067
40.000000
24.791849
40.000000
2.062066
40.000000
39.059170
41.000000
3.996092
41.000000
20.612010
41.000000
340.219690
41.000000
24.539695
41.000000
2.073944
41.000000
39.459703
42.000000
3.998792
42.000000
21.401446
42.000000
288.302062
42.000000
24.375614
42.000000
2.063276
42.000000
39.031022
42.000000
3.918912
42.000000
19.603383
42.000000
298.930073
42.000000
24.330624
42.000000
50.143385
42.000000
39.068917
40.000000
4.063134
40.000000
19.438340
40.000000
306.730723
40.000000
24.674486
40.000000
2.069268
40.000000
38.953249
40.000000
3.973830
40.000000
18.939090
40.000000
292.207282
40.000000
25.019580
40.000000
2.062633
40.000000
39.353249
41.000000
3.989789
41.000000
19.665005
41.000000
342.170344
41.000000
24.878512
41.000000
2.072285
41.000000
39.009502
42.000000
4.017657
42.000000
20.466783
42.000000
313.499689
42.000000
24.773555
42.000000
2.060572
42.000000
39.205097
39.000000
3.996106
39.000000
19.561911
39.000000
359.973513
39.000000
25.091343
39.000000
2.067827
39.000000
39.552978
40.000000
4.007099
40.000000
19.754318
40.000000
312.133021
40.000000
24.741650
40.000000
2.058424
40.000000
39.157048
40.000000
4.044379
40.000000
19.492201
40.000000
298.891082
40.000000
25.164122
40.000000
2.050618
40.000000
79.411160
40.000000
4.030085
40.000000
20.672823
40.000000
298.917273
40.000000
24.453790
40.000000
2.070797
40.000000
39.393083
41.000000
3.991669
41.000000
21.417027
41.000000
295.823646
41.000000
24.956905
41.000000
2.062058
41.000000
38.902075
42.000000
3.937365
42.000000
21.002532
42.000000
360.188686
42.000000
24.710199
42.000000
2.074149
42.000000
39.316592
43.000000
4.045048
43.000000
20.114826
43.000000
307.766158
43.000000
24.529345
43.000000
2.070966
43.000000
39.204890
43.000000
3.962978
43.000000
18.880565
43.000000
351.297587
43.000000
24.357480
43.000000
2.072681
43.000000
38.843525
41.000000
3.972298
41.000000
19.884322
41.000000
310.619313
41.000000
24.703017
41.000000
2.050919
41.000000
39.130175
41.000000
4.005167
41.000000
20.293751
41.000000
302.661201
41.000000
24.636225
41.000000
2.075926
41.000000
87.317065
43.000000
4.002793
43.000000
20.158278
43.000000
293.526593
43.000000
24.881740
43.000000
2.075390
43.000000
38.696914
41.000000
4.014414
41.000000
19.479694
41.000000
295.096096
41.000000
24.296835
41.000000
2.085766
41.000000
38.879065
41.000000
4.032962
41.000000
19.796431
41.000000
335.043929
41.000000
24.782062
41.000000
2.088011
41.000000
39.480482
40.000000
4.028266
40.000000
21.016749
40.000000
301.543776
40.000000
24.985757
40.000000
2.053098
40.000000
39.174798
39.000000
3.999553
39.000000
20.142951
39.000000
349.448474
39.000000
24.789555
39.000000
2.072348
39.000000
39.075969
41.000000
4.015476
41.000000
19.948427
41.000000
277.117509
41.000000
25.228525
41.000000
2.077301
41.000000
38.993857
41.000000
3.996404
41.000000
19.882043
41.000000
284.147476
41.000000
24.489291
41.000000
2.051237
41.000000
38.693175
41.000000
4.007310
41.000000
20.520864
41.000000
342.687285
41.000000
24.958121
41.000000
2.075520
41.000000
38.862063
43.000000
4.061239
43.000000
19.695336
43.000000
292.251710
43.000000
24.973381
43.000000
2.063124
43.000000
39.283298
40.000000
3.941492
40.000000
19.523648
40.000000
351.594537
40.000000
24.631216
40.000000
2.064843
40.000000
39.016762
41.000000
4.029303
41.000000
20.103911
41.000000
305.953353
41.000000
24.727354
41.000000
2.086060
41.000000
38.685564
41.000000
3.978537
41.000000
21.315635
41.000000
291.030430
41.000000
24.743570
41.000000
2.059550
41.000000
87.129428
39.000000
3.982587
39.000000
19.277363
39.000000
309.480427
39.000000
25.366738
39.000000
2.061796
39.000000
39.550969
42.000000
3.937824
42.000000
21.019571
42.000000
287.884411
42.000000
24.450145
42.000000
2.077099
42.000000
38.970253
42.000000
3.993484
42.000000
19.696705
42.000000
352.957030
42.000000
24.775734
42.000000
2.072862
42.000000
39.155022
42.000000
3.974511
42.000000
20.019302
42.000000
318.734965
42.000000
24.219834
42.000000
2.058386
42.000000
38.590524
41.000000
3.980688
41.000000
20.484235
41.000000
340.265608
41.000000
24.770246
41.000000
2.056260
41.000000
39.024959
42.000000
3.994310
42.000000
17.908984
42.000000
290.561793
42.000000
24.841490
42.000000
2.060568
42.000000
39.031431
41.000000
3.951922
41.000000
20.768875
41.000000
311.219503
41.000000
24.695728
41.000000
2.067068
41.000000
38.730495
41.000000
4.013353
41.000000
70.584051
41.000000
300.230480
41.000000
24.925134
41.000000
2.057431
41.000000
38.883354
43.000000
3.970223
43.000000
19.814039
43.000000
298.946580
43.000000
24.782438
43.000000
2.076341
43.000000
40.033476
41.000000
3.993101
41.000000
19.953980
41.000000
342.476353
41.000000
24.690291
41.000000
2.080120
41.000000
38.766080
43.000000
3.993961
43.000000
19.455855
43.000000
304.670093
43.000000
24.660387
43.000000
2.081089
43.000000
39.472843
43.000000
4.088271
43.000000
19.560983
43.000000
361.521423
43.000000
24.670683
43.000000
2.082195
43.000000
39.223223
41.000000
3.947302
41.000000
19.389234
41.000000
286.369858
41.000000
24.746149
41.000000
2.065842
41.000000
38.863902
41.000000
3.956830
41.000000
19.930777
41.000000
305.521613
41.000000
24.672538
41.000000
2.061002
41.000000
39.006212
42.000000
3.995272
42.000000
19.833172
42.000000
354.608858
42.000000
24.744739
42.000000
2.081695
42.000000
39.034402
41.000000
4.002716
41.000000
20.188980
41.000000
300.776625
41.000000
24.643516
41.000000
2.075600
41.000000
39.122257
41.000000
3.976116
41.000000
18.929576
41.000000
357.694560
41.000000
24.561084
41.000000
2.081929
41.000000
39.296346
43.000000
4.120599
43.000000
20.445880
43.000000
300.079233
43.000000
24.613050
43.000000
2.069749
43.000000
38.924828
42.000000
3.996076
42.000000
20.040360
42.000000
304.471339
42.000000
72.856529
42.000000
2.072604
42.000000
39.273470
43.000000
3.980254
43.000000
21.302208
43.000000
305.193694
43.000000
24.432798
43.000000
2.065492
43.000000
39.044374
43.000000
4.004718
43.000000
21.332563
43.000000
284.452710
43.000000
24.651676
43.000000
2.063611
43.000000
39.051485
43.000000
4.012231
43.000000
19.680198
43.000000
341.677774
43.000000
24.651003
43.000000
2.086065
43.000000
39.687250
42.000000
3.996494
42.000000
19.191459
42.000000
302.557387
42.000000
24.766680
42.000000
2.063895
42.000000
38.687521
41.000000
4.026020
41.000000
20.086167
41.000000
339.540131
41.000000
24.709301
41.000000
2.058114
41.000000
38.737609
43.000000
3.999358
43.000000
18.826526
43.000000
308.471483
43.000000
24.871657
43.000000
2.077862
43.000000
39.094511
42.000000
4.003094
42.000000
20.128299
42.000000
300.024665
42.000000
24.392937
42.000000
2.060488
42.000000
86.865402
39.000000
3.965016
39.000000
19.510835
39.000000
309.421403
39.000000
24.606081
39.000000
2.070354
39.000000
38.942991
43.000000
3.968330
43.000000
19.223448
43.000000
301.887279
43.000000
24.916582
43.000000
2.060945
43.000000
38.884002
43.000000
4.003499
43.000000
18.904403
43.000000
360.496005
43.000000
24.788265
43.000000
2.117659
43.000000
38.739411
45.000000
4.053176
45.000000
20.002046
45.000000
296.818597
45.000000
24.640438
45.000000
2.088941
45.000000
39.369325
43.000000
3.960250
43.000000
20.581653
43.000000
354.065585
43.000000
24.474678
43.000000
2.087773
43.000000
39.305133
44.000000
3.996568
44.000000
19.114974
44.000000
266.727887
44.000000
24.556911
44.000000
2.072413
44.000000
39.254951
43.000000
3.987598
43.000000
18.999347
43.000000
311.827803
43.000000
23.863295
43.000000
2.075772
43.000000
39.063261
43.000000
3.984263
43.000000
20.163958
43.000000
348.725412
43.000000
24.659123
43.000000
2.065221
43.000000
39.593497
41.000000
3.970208
41.000000
19.847948
41.000000
306.825836
41.000000
24.582656
41.000000
2.056274
41.000000
38.917357
42.000000
3.989859
42.000000
20.029334
42.000000
343.805158
42.000000
24.971194
42.000000
2.073811
42.000000
39.096400
43.000000
4.010121
43.000000
19.046869
43.000000
308.482191
43.000000
24.580972
43.000000
2.059172
43.000000
39.329298
42.000000
3.995761
42.000000
19.354773
42.000000
345.925487
42.000000
24.537068
42.000000
2.060294
42.000000
38.912419
42.000000
4.000167
42.000000
20.108774
42.000000
313.187631
42.000000
24.576530
42.000000
2.063807
42.000000
38.864703
41.000000
4.015135
41.000000
21.122750
41.000000
301.552298
41.000000
24.486608
41.000000
2.067987
41.000000
38.721269
41.000000
3.987531
41.000000
19.356093
41.000000
355.494547
41.000000
24.682688
41.000000
2.092891
41.000000
38.948470
46.000000
4.004484
46.000000
20.644057
46.000000
305.329146
46.000000
24.787060
46.000000
2.065197
46.000000
38.702219
43.000000
3.988015
43.000000
20.794254
43.000000
341.556857
43.000000
24.669057
43.000000
2.086191
43.000000
38.897258
42.000000
3.970084
42.000000
21.327537
42.000000
301.253159
42.000000
24.865485
42.000000
2.090737
42.000000
39.044389
41.000000
4.075671
41.000000
20.427189
41.000000
305.660314
41.000000
72.692301
41.000000
2.075908
41.000000
38.930007
41.000000
4.015409
41.000000
18.554616
41.000000
312.766969
41.000000
24.616527
41.000000
2.072578
41.000000
39.138548
43.000000
4.129347
43.000000
18.726816
43.000000
290.513160
43.000000
24.408397
43.000000
2.069207
43.000000
38.894688
43.000000
3.953423
43.000000
19.257982
43.000000
351.782022
43.000000
24.783590
43.000000
2.064656
43.000000
38.842712
42.000000
4.021160
42.000000
19.533558
42.000000
304.489628
42.000000
24.994967
42.000000
2.055549
42.000000
39.100995
41.000000
4.028244
41.000000
19.711951
41.000000
324.718674
41.000000
24.780801
41.000000
2.062983
41.000000
39.076347
43.000000
3.990554
43.000000
19.960125
43.000000
304.545259
43.000000
24.683034
43.000000
2.079884
43.000000
39.040185
41.000000
4.067631
41.000000
20.493071
41.000000
287.522751
41.000000
24.496455
41.000000
2.095179
41.000000
39.393829
43.000000
3.962466
43.000000
19.554378
43.000000
297.963450
43.000000
24.773918
43.000000
2.085267
43.000000
38.722934
44.000000
3.972101
44.000000
20.088741
44.000000
300.863534
44.000000
24.542230
44.000000
2.052883
44.000000
39.059439
43.000000
3.997277
43.000000
20.349738
43.000000
347.072488
43.000000
24.832674
43.000000
2.071503
43.000000
39.173143
43.000000
3.962929
43.000000
19.493809
43.000000
305.361864
43.000000
25.058533
43.000000
2.079063
43.000000
39.158018
43.000000
4.012298
43.000000
19.727298
43.000000
344.026214
43.000000
25.167450
43.000000
2.075630
43.000000
39.181719
43.000000
4.021443
43.000000
19.911802
43.000000
292.826059
43.000000
24.527786
43.000000
2.076296
43.000000
39.132672
43.000000
4.059535
43.000000
20.825418
43.000000
287.857791
43.000000
24.585229
43.000000
2.076834
43.000000
39.134381
41.000000
3.996612
41.000000
19.490196
41.000000
352.500550
41.000000
24.833764
41.000000
2.049432
41.000000
38.879434
41.000000
4.020429
41.000000
19.477578
41.000000
293.009741
41.000000
24.386468
41.000000
2.067184
41.000000
39.222812
41.000000
4.033891
41.000000
19.591033
41.000000
362.277395
41.000000
24.626315
41.000000
2.050026
41.000000
38.675199
42.000000
3.964668
42.000000
20.449603
42.000000
299.518226
42.000000
24.426676
42.000000
2.051969
42.000000
39.066453
41.000000
4.014197
41.000000
19.916880
41.000000
313.118336
41.000000
72.905615
41.000000
2.074873
41.000000
39.310040
41.000000
3.975363
41.000000
20.713890
41.000000
285.088703
41.000000
24.773686
41.000000
2.073978
41.000000
38.808731
42.000000
4.026484
42.000000
20.178210
42.000000
295.466256
42.000000
24.820826
42.000000
2.072425
42.000000
38.838860
42.000000
3.948223
42.000000
19.166822
42.000000
357.931551
42.000000
24.940148
42.000000
2.069319
42.000000
39.036617
43.000000
3.980903
43.000000
20.471090
43.000000
295.582745
43.000000
24.427999
43.000000
2.087955
43.000000
39.439220
41.000000
3.967767
41.000000
20.151045
41.000000
339.858445
41.000000
24.464446
41.000000
2.070231
41.000000
39.127628
41.000000
4.000710
41.000000
20.103121
41.000000
286.472606
41.000000
24.488371
41.000000
2.071169
41.000000
38.876399
41.000000
4.003401
41.000000
20.668338
41.000000
297.090235
41.000000
24.466296
41.000000
2.067103
41.000000
39.012159
42.000000
3.975183
42.000000
70.844475
42.000000
300.623671
42.000000
24.346510
42.000000
2.077032
42.000000
38.651087
42.000000
3.938397
42.000000
19.687723
42.000000
280.646863
42.000000
24.465345
42.000000
2.082616
42.000000
39.020581
41.000000
4.061011
41.000000
19.994884
41.000000
341.541847
41.000000
24.805190
41.000000
2.076252
41.000000
39.462218
41.000000
4.008029
41.000000
19.704957
41.000000
287.486740
41.000000
24.706013
41.000000
2.064069
41.000000
39.054447
43.000000
3.963753
43.000000
18.383767
43.000000
304.402797
43.000000
24.572881
43.000000
2.059177
43.000000
87.254866
41.000000
4.021155
41.000000
21.068647
41.000000
300.447705
41.000000
24.738895
41.000000
2.087239
41.000000
38.981210
42.000000
3.985689
42.000000
20.310141
42.000000
291.264475
42.000000
24.669161
42.000000
2.081631
42.000000
39.216150
43.000000
4.021276
43.000000
19.572403
43.000000
361.169688
43.000000
25.223470
43.000000
2.077533
43.000000
38.738710
43.000000
3.987811
43.000000
18.528771
43.000000
307.125365
43.000000
24.032694
43.000000
2.084885
43.000000
39.910972
41.000000
3.978072
41.000000
20.376746
41.000000
342.680527
41.000000
25.050160
41.000000
2.059958
41.000000
38.803897
43.000000
4.002751
43.000000
21.611538
43.000000
299.218501
43.000000
24.458107
43.000000
2.074332
43.000000
38.733731
43.000000
4.033703
43.000000
19.553892
43.000000
296.886933
43.000000
24.633895
43.000000
2.075636
43.000000
38.852426
40.000000
3.962818
40.000000
19.049552
40.000000
302.305347
40.000000
24.560250
40.000000
2.058857
40.000000
38.986444
43.000000
3.993884
43.000000
17.985010
43.000000
269.107777
43.000000
24.854279
43.000000
2.069430
43.000000
39.069350
42.000000
4.052449
42.000000
19.539224
42.000000
344.087000
42.000000
24.447793
42.000000
2.078371
42.000000
38.866693
42.000000
4.016949
42.000000
17.335937
42.000000
299.250518
42.000000
24.784820
42.000000
2.075768
42.000000
38.887830
41.000000
3.973964
41.000000
19.258562
41.000000
299.324361
41.000000
72.791291
41.000000
2.069259
41.000000
38.730761
41.000000
3.999326
41.000000
20.134842
41.000000
317.921977
41.000000
24.506972
41.000000
2.068841
41.000000
38.881509
42.000000
4.032987
42.000000
19.276185
42.000000
305.966288
42.000000
24.527071
42.000000
2.084845
42.000000
38.997588
43.000000
3.951084
43.000000
20.958134
43.000000
338.735290
43.000000
24.735392
43.000000
2.090723
43.000000
38.746274
41.000000
4.123942
41.000000
18.825701
41.000000
294.786633
41.000000
25.058472
41.000000
2.075839
41.000000
38.942359
42.000000
4.024616
42.000000
19.207925
42.000000
368.638412
42.000000
24.750661
42.000000
2.065780
42.000000
39.090261
41.000000
3.997651
41.000000
20.601056
41.000000
281.517047
41.000000
24.818389
41.000000
2.059643
41.000000
39.034582
42.000000
4.032676
42.000000
20.995510
42.000000
312.914195
42.000000
24.515775
42.000000
50.143061
42.000000
38.602042
40.000000
4.021452
40.000000
19.913019
40.000000
297.620575
40.000000
25.023438
40.000000
2.063683
40.000000
38.845081
41.000000
3.951889
41.000000
19.915004
41.000000
290.948582
41.000000
24.602470
41.000000
2.076183
41.000000
38.752268
41.000000
3.976175
41.000000
19.657936
41.000000
324.816561
41.000000
24.918857
41.000000
2.064123
41.000000
39.357642
41.000000
4.058669
41.000000
19.799465
41.000000
299.726191
41.000000
25.054121
41.000000
2.054264
41.000000
38.520039
42.000000
3.998792
42.000000
20.139960
42.000000
340.721076
42.000000
24.933050
42.000000
2.054202
42.000000
39.232921
42.000000
3.992974
42.000000
19.566163
42.000000
305.027462
42.000000
24.506890
42.000000
2.059521
42.000000
38.832711
41.000000
4.012291
41.000000
20.685496
41.000000
295.059583
41.000000
24.676113
41.000000
2.049219
41.000000
38.965722
42.000000
4.024186
42.000000
20.500346
42.000000
349.753953
42.000000
25.032905
42.000000
2.061294
42.000000
39.389893
41.000000
4.008053
41.000000
20.293269
41.000000
300.175642
41.000000
24.737066
41.000000
2.072644
41.000000
38.791652
45.000000
3.967424
45.000000
21.095510
45.000000
351.896921
45.000000
24.627012
45.000000
2.059864
45.000000
39.453120
42.000000
4.047633
42.000000
20.432798
42.000000
292.663356
42.000000
24.929037
42.000000
2.060382
42.000000
38.827811
41.000000
4.014147
41.000000
21.444734
41.000000
292.906580
41.000000
72.856475
41.000000
2.074670
41.000000
38.710054
41.000000
3.988666
41.000000
19.790168
41.000000
297.723138
41.000000
24.388681
41.000000
2.063729
41.000000
38.994764
42.000000
3.949819
42.000000
18.303881
42.000000
299.147966
42.000000
24.929673
42.000000
2.054051
42.000000
38.778869
43.000000
3.974889
43.000000
19.981166
43.000000
347.281017
43.000000
24.616711
43.000000
2.063495
43.000000
38.730588
41.000000
4.005123
41.000000
19.985419
41.000000
298.076844
41.000000
24.462484
41.000000
2.083594
41.000000
39.117914
42.000000
3.944086
42.000000
20.005177
42.000000
331.942975
42.000000
24.892481
42.000000
2.069399
42.000000
39.206169
40.000000
4.006572
40.000000
19.663880
40.000000
301.142971
40.000000
24.573467
40.000000
2.064047
40.000000
38.551073
42.000000
3.999428
42.000000
21.106917
42.000000
305.330165
42.000000
24.381563
42.000000
2.069122
42.000000
91.416458
39.000000
4.054323
39.000000
20.119671
39.000000
301.664497
39.000000
24.884965
39.000000
2.064369
39.000000
39.037386
41.000000
3.993369
41.000000
21.748253
41.000000
304.015211
41.000000
24.627759
41.000000
2.074461
41.000000
39.058276
43.000000
4.033600
43.000000
21.007123
43.000000
349.469817
43.000000
24.504879
43.000000
2.079386
43.000000
39.529298
43.000000
4.001732
43.000000
19.646151
43.000000
303.517954
43.000000
25.024589
43.000000
2.070534
43.000000
39.211095
42.000000
3.990960
42.000000
20.380462
42.000000
353.677406
42.000000
24.724376
42.000000
2.087718
42.000000
39.365630
43.000000
3.997764
43.000000
20.148645
43.000000
306.846129
43.000000
24.742300
43.000000
2.070803
43.000000
39.051793
41.000000
3.967466
41.000000
20.233195
41.000000
288.991955
41.000000
24.528021
41.000000
2.053937
41.000000
38.980141
39.000000
3.967699
39.000000
20.123610
39.000000
296.023250
39.000000
24.504697
39.000000
2.058200
39.000000
39.000136
41.000000
4.010931
41.000000
19.007043
41.000000
309.661746
41.000000
24.808987
41.000000
2.078908
41.000000
39.014454
43.000000
3.940536
43.000000
19.934207
43.000000
318.659868
43.000000
24.492475
43.000000
2.093287
43.000000
38.819706
43.000000
3.972146
43.000000
19.019537
43.000000
296.155458
43.000000
24.382144
43.000000
2.069519
43.000000
38.878292
42.000000
3.928792
42.000000
19.870324
42.000000
360.056544
42.000000
24.622317
42.000000
2.053387
42.000000
38.789271
40.000000
4.036374
40.000000
20.912301
40.000000
294.533140
40.000000
24.736990
40.000000
2.084794
40.000000
38.632984
41.000000
4.060194
41.000000
19.903489
41.000000
276.054386
41.000000
24.808905
41.000000
2.055205
41.000000
38.698548
43.000000
4.055227
43.000000
20.440092
43.000000
356.513146
43.000000
24.538673
43.000000
2.060296
43.000000
39.495465
41.000000
4.056559
41.000000
20.344899
41.000000
298.791575
41.000000
24.677279
41.000000
2.063954
41.000000
38.814043
43.000000
4.041936
43.000000
20.284584
43.000000
354.182141
43.000000
24.760346
43.000000
2.083357
43.000000
39.185238
41.000000
4.063206
41.000000
20.098920
41.000000
319.938773
41.000000
24.511502
41.000000
2.072943
41.000000
38.811120
41.000000
4.011138
41.000000
20.562489
41.000000
314.159056
41.000000
72.712931
41.000000
2.094569
41.000000
39.198202
42.000000
3.985386
42.000000
20.353352
42.000000
299.389758
42.000000
24.803701
42.000000
2.074022
42.000000
38.803685
42.000000
3.956124
42.000000
19.416897
42.000000
293.324605
42.000000
24.646275
42.000000
2.071772
42.000000
38.518500
42.000000
3.997761
42.000000
20.512061
42.000000
342.825472
42.000000
24.810951
42.000000
2.078127
42.000000
39.128394
42.000000
3.947902
42.000000
18.084451
42.000000
297.651475
42.000000
24.539189
42.000000
2.054485
42.000000
40.228463
43.000000
3.984676
43.000000
19.607649
43.000000
350.906748
43.000000
24.922487
43.000000
2.079994
43.000000
38.847184
41.000000
4.030887
41.000000
18.803684
41.000000
297.027633
41.000000
24.590439
41.000000
2.057069
41.000000
39.173236
43.000000
4.156952
43.000000
19.533283
43.000000
305.441762
43.000000
24.983400
43.000000
2.069899
43.000000
90.915246
41.000000
3.976266
41.000000
20.531104
41.000000
296.858337
41.000000
24.600644
41.000000
2.058906
41.000000
38.660228
42.000000
3.967664
42.000000
20.559941
42.000000
303.447795
42.000000
24.551078
42.000000
2.069378
42.000000
38.888200
43.000000
3.999669
43.000000
20.702320
43.000000
331.229822
43.000000
24.955998
43.000000
2.106774
43.000000
39.003296
42.000000
4.005614
42.000000
19.662031
42.000000
296.429258
42.000000
24.568160
42.000000
2.071153
42.000000
38.700902
43.000000
3.992011
43.000000
19.485193
43.000000
349.053225
43.000000
24.930710
43.000000
2.059176
43.000000
39.066119
41.000000
4.042675
41.000000
19.310949
41.000000
291.229607
41.000000
24.920674
41.000000
2.059039
41.000000
38.614390
41.000000
3.986159
41.000000
18.865310
41.000000
307.419535
41.000000
24.464443
41.000000
2.070176
41.000000
39.227105
43.000000
3.997291
43.000000
19.621917
43.000000
359.192142
43.000000
24.780105
43.000000
2.084356
43.000000
38.671642
41.000000
4.053558
41.000000
20.670869
41.000000
295.840668
41.000000
24.783693
41.000000
2.066316
41.000000
38.769241
43.000000
4.009215
43.000000
19.477262
43.000000
348.162312
43.000000
24.757196
43.000000
2.078586
43.000000
39.529064
41.000000
3.986937
41.000000
19.336099
41.000000
300.045044
41.000000
24.528233
41.000000
2.076709
41.000000
38.951059
41.000000
4.011416
41.000000
19.348758
41.000000
379.271579
41.000000
24.977656
41.000000
2.076458
41.000000
39.132762
43.000000
4.039148
43.000000
20.444771
43.000000
291.398900
43.000000
24.835220
43.000000
2.059081
43.000000
38.999704
43.000000
3.945272
43.000000
20.507697
43.000000
313.333732
43.000000
24.942157
43.000000
2.085614
43.000000
