20.283483
45.000000
3.735550
45.000000
10.249586
45.000000
151.002591
45.000000
12.136331
45.000000
1.031052
45.000000
19.933009
47.000000
2.026399
47.000000
10.007477
47.000000
152.764577
47.000000
12.243937
47.000000
1.029931
47.000000
19.732437
48.000000
2.039296
48.000000
11.344389
48.000000
150.771563
48.000000
12.464167
48.000000
1.027654
48.000000
19.598223
48.000000
1.997430
48.000000
9.766796
48.000000
151.242964
48.000000
12.190202
48.000000
1.041944
48.000000
19.454829
49.000000
2.002561
49.000000
9.550315
49.000000
154.345662
49.000000
12.242587
49.000000
1.039549
49.000000
19.481591
50.000000
2.005750
50.000000
9.611426
50.000000
156.533056
50.000000
12.297173
50.000000
1.027220
50.000000
19.480689
48.000000
2.002606
48.000000
9.900029
48.000000
152.114181
48.000000
11.904351
48.000000
1.035323
48.000000
67.698071
47.000000
1.992800
47.000000
10.287075
47.000000
151.148521
47.000000
12.301795
47.000000
1.036736
47.000000
19.651354
49.000000
2.004894
49.000000
9.957084
49.000000
152.447825
49.000000
12.356387
49.000000
1.036704
49.000000
19.560805
49.000000
1.993695
49.000000
10.379155
49.000000
153.850004
49.000000
12.432274
49.000000
1.038185
49.000000
19.449363
51.000000
2.034013
51.000000
9.638500
51.000000
152.096968
51.000000
12.376762
51.000000
1.029453
51.000000
19.520399
50.000000
2.001399
50.000000
9.710970
50.000000
193.974174
50.000000
12.412356
50.000000
1.034792
50.000000
19.722030
50.000000
2.049780
50.000000
11.009860
50.000000
152.182062
50.000000
12.350547
50.000000
1.030819
50.000000
19.405006
51.000000
2.072747
51.000000
9.971925
51.000000
161.858639
51.000000
12.383785
51.000000
1.026724
51.000000
19.595416
51.000000
2.054645
51.000000
10.206904
51.000000
153.663351
51.000000
12.290980
51.000000
1.043192
51.000000
19.651958
49.000000
2.158093
49.000000
10.024499
49.000000
152.619422
49.000000
12.207454
49.000000
1.038699
49.000000
19.624951
51.000000
2.067407
51.000000
10.355194
51.000000
204.833308
51.000000
12.325233
51.000000
1.030922
51.000000
19.565456
49.000000
2.066085
49.000000
10.454887
49.000000
147.314071
49.000000
12.426617
49.000000
1.033334
49.000000
19.678869
50.000000
2.013681
50.000000
10.375821
50.000000
144.213050
50.000000
12.414833
50.000000
1.031502
50.000000
19.692138
52.000000
1.985550
52.000000
9.867249
52.000000
146.524443
52.000000
12.271716
52.000000
1.034762
52.000000
19.514353
49.000000
2.016775
49.000000
10.288383
49.000000
156.772450
49.000000
12.353499
49.000000
1.044802
49.000000
67.655635
45.000000
2.001572
45.000000
10.331384
45.000000
152.320134
45.000000
12.357279
45.000000
1.031807
45.000000
19.704862
51.000000
2.054634
51.000000
10.336095
51.000000
152.962176
51.000000
12.303292
51.000000
1.037011
51.000000
19.701080
50.000000
1.992149
50.000000
10.168508
50.000000
157.600404
50.000000
12.302999
50.000000
1.039165
50.000000
19.386382
53.000000
2.018832
53.000000
9.767701
53.000000
152.012977
53.000000
12.211627
53.000000
1.040654
53.000000
19.530694
53.000000
2.020637
53.000000
10.252676
53.000000
197.074784
53.000000
12.391257
53.000000
1.038363
53.000000
19.573292
49.000000
2.024834
49.000000
10.177949
49.000000
137.384557
49.000000
12.417772
49.000000
1.031342
49.000000
20.014333
50.000000
2.011851
50.000000
10.020400
50.000000
149.959145
50.000000
12.366427
50.000000
1.025762
50.000000
19.606936
53.000000
2.006188
53.000000
10.131333
53.000000
151.458879
53.000000
12.388210
53.000000
1.042935
53.000000
19.456662
47.000000
2.084565
47.000000
10.273878
47.000000
148.783081
47.000000
11.976016
47.000000
1.031955
47.000000
19.499779
51.000000
1.998119
51.000000
10.492876
51.000000
178.543481
51.000000
12.538235
51.000000
1.035989
51.000000
19.571798
51.000000
2.015835
51.000000
10.460549
51.000000
151.889267
51.000000
12.470862
51.000000
1.034421
51.000000
19.574603
51.000000
1.999465
51.000000
9.778757
51.000000
156.852282
51.000000
11.863186
51.000000
1.028847
51.000000
19.745965
52.000000
1.985953
52.000000
10.179789
52.000000
150.723537
52.000000
11.800210
52.000000
1.035185
52.000000
19.509308
52.000000
1.971283
52.000000
9.686448
52.000000
143.588090
52.000000
12.472860
52.000000
1.026504
52.000000
19.728537
52.000000
2.044041
52.000000
10.217245
52.000000
192.835380
52.000000
12.140314
52.000000
1.041882
52.000000
19.593471
51.000000
2.044041
51.000000
9.636268
51.000000
156.981377
51.000000
12.388018
51.000000
1.037366
51.000000
19.625799
52.000000
1.999031
52.000000
9.952193
52.000000
151.905409
52.000000
12.265653
52.000000
1.028895
52.000000
19.763826
50.000000
2.044729
50.000000
10.050060
50.000000
143.871928
50.000000
12.437132
50.000000
1.035110
50.000000
19.628982
51.000000
1.998323
51.000000
10.356786
51.000000
146.521908
51.000000
12.245907
51.000000
1.036932
51.000000
67.822221
49.000000
2.071448
49.000000
10.159078
49.000000
154.059594
49.000000
12.337982
49.000000
1.039360
49.000000
19.635953
49.000000
1.998419
49.000000
9.806326
49.000000
155.679799
49.000000
12.500323
49.000000
1.034310
49.000000
19.410447
53.000000
2.053847
53.000000
9.620403
53.000000
155.006144
53.000000
12.213726
53.000000
1.028685
53.000000
19.419729
55.000000
2.073799
55.000000
10.022401
55.000000
147.346614
55.000000
12.247615
55.000000
1.032845
55.000000
19.717239
51.000000
2.011973
51.000000
9.909442
51.000000
199.274956
51.000000
12.390926
51.000000
1.035427
51.000000
19.398504
50.000000
2.066418
50.000000
10.012629
50.000000
148.985286
50.000000
12.525161
50.000000
1.034891
50.000000
19.411100
52.000000
2.031481
52.000000
10.205739
52.000000
145.351299
52.000000
12.218402
52.000000
1.034178
52.000000
19.703186
51.000000
2.058761
51.000000
9.440766
51.000000
145.594277
51.000000
12.466943
51.000000
1.038281
51.000000
19.542240
51.000000
2.021574
51.000000
10.136352
51.000000
148.381086
51.000000
12.314989
51.000000
1.040255
51.000000
19.488804
52.000000
2.068613
52.000000
9.719472
52.000000
196.325205
52.000000
12.379223
52.000000
1.038153
52.000000
19.540054
53.000000
2.006152
53.000000
10.515227
53.000000
141.906848
53.000000
12.269263
53.000000
1.033731
53.000000
19.364256
53.000000
2.013512
53.000000
10.147285
53.000000
150.054930
53.000000
12.040214
53.000000
1.044150
53.000000
19.913268
52.000000
2.005774
52.000000
10.388358
52.000000
150.423024
52.000000
12.392147
52.000000
1.031316
52.000000
19.480329
52.000000
2.000247
52.000000
10.090435
52.000000
152.764946
52.000000
11.622080
52.000000
1.029694
52.000000
19.848795
53.000000
2.012310
53.000000
10.167912
53.000000
200.992799
53.000000
12.465062
53.000000
1.027071
53.000000
19.322381
53.000000
2.004743
53.000000
9.263982
53.000000
131.887373
53.000000
12.269227
53.000000
1.030076
53.000000
19.438503
54.000000
2.002362
54.000000
9.972174
54.000000
149.807895
54.000000
12.386273
54.000000
1.033770
54.000000
19.567470
53.000000
2.005962
53.000000
10.370097
53.000000
150.627757
53.000000
12.033391
53.000000
1.036260
53.000000
19.456923
51.000000
2.039194
51.000000
9.979517
51.000000
152.911638
51.000000
12.524194
51.000000
1.032519
51.000000
71.590169
48.000000
2.090825
48.000000
9.475934
48.000000
148.032375
48.000000
12.206131
48.000000
1.034072
48.000000
19.257033
52.000000
2.024668
52.000000
8.835826
52.000000
152.754231
52.000000
12.336260
52.000000
1.036123
52.000000
19.346011
46.000000
2.009012
46.000000
9.819569
46.000000
147.906088
46.000000
11.640117
46.000000
1.035423
46.000000
19.496854
52.000000
2.087341
52.000000
10.054085
52.000000
146.563741
52.000000
12.340188
52.000000
1.035661
52.000000
19.711362
51.000000
2.024040
51.000000
10.783313
51.000000
176.401584
51.000000
12.324701
51.000000
1.032977
51.000000
19.623727
51.000000
2.089141
51.000000
10.065517
51.000000
149.695472
51.000000
12.389558
51.000000
1.033280
51.000000
19.610822
52.000000
2.011634
52.000000
10.124121
52.000000
150.598624
52.000000
12.247420
52.000000
1.035071
52.000000
19.762992
53.000000
2.015294
53.000000
9.954825
53.000000
144.793197
53.000000
12.248671
53.000000
1.032150
53.000000
19.796918
53.000000
2.069800
53.000000
10.308860
53.000000
141.786415
53.000000
12.286181
53.000000
1.041811
53.000000
19.619304
51.000000
2.021400
51.000000
10.390196
51.000000
198.749493
51.000000
12.611147
51.000000
1.042991
51.000000
19.487167
51.000000
2.046522
51.000000
9.061220
51.000000
146.416025
51.000000
12.369678
51.000000
1.041201
51.000000
19.650716
51.000000
2.004580
51.000000
10.501273
51.000000
149.789974
51.000000
12.324690
51.000000
1.030990
51.000000
19.690317
51.000000
2.002193
51.000000
10.142241
51.000000
146.635079
51.000000
12.380518
51.000000
1.036519
51.000000
19.702515
53.000000
2.024948
53.000000
9.983420
53.000000
150.837042
53.000000
12.265966
53.000000
1.027554
53.000000
19.685839
52.000000
2.014388
52.000000
9.934497
52.000000
203.496045
52.000000
12.443421
52.000000
1.031899
52.000000
19.595851
51.000000
2.034982
51.000000
9.939135
51.000000
137.208917
51.000000
12.286144
51.000000
1.037371
51.000000
19.446042
51.000000
2.036404
51.000000
10.256632
51.000000
149.852381
51.000000
12.377334
51.000000
1.037162
51.000000
19.445578
53.000000
2.055770
53.000000
9.586182
53.000000
149.821759
53.000000
12.254041
53.000000
1.056885
53.000000
19.585369
54.000000
2.007929
54.000000
9.733358
54.000000
133.400900
54.000000
12.046995
54.000000
1.034777
54.000000
19.456858
53.000000
2.013054
53.000000
10.335439
53.000000
195.589910
53.000000
12.363103
53.000000
1.034355
53.000000
19.334276
51.000000
2.090650
51.000000
9.909823
51.000000
141.857341
51.000000
12.326177
51.000000
1.027899
51.000000
19.677341
51.000000
2.075600
51.000000
9.781272
51.000000
147.657406
51.000000
12.383151
51.000000
1.036861
51.000000
19.744209
53.000000
2.040872
53.000000
10.353443
53.000000
152.086751
53.000000
12.365657
53.000000
1.034862
53.000000
19.468610
53.000000
2.063391
53.000000
9.248095
53.000000
151.528853
53.000000
12.314022
53.000000
1.035894
53.000000
67.870386
50.000000
2.003562
50.000000
9.767013
50.000000
149.789103
50.000000
12.255931
50.000000
1.038105
50.000000
19.299333
53.000000
2.008860
53.000000
10.645011
53.000000
152.126183
53.000000
12.222787
53.000000
1.029517
53.000000
19.493528
52.000000
1.988334
52.000000
10.113887
52.000000
154.540875
52.000000
12.276538
52.000000
1.036533
52.000000
19.413264
53.000000
2.077761
53.000000
9.879034
53.000000
157.169281
53.000000
12.372119
53.000000
1.031286
53.000000
19.519560
53.000000
2.006879
53.000000
10.094375
53.000000
197.565645
53.000000
12.386679
53.000000
1.037873
53.000000
19.598302
52.000000
2.003426
52.000000
10.027124
52.000000
149.694400
52.000000
12.093036
52.000000
1.030405
52.000000
19.767538
51.000000
2.031486
51.000000
10.007897
51.000000
147.012595
51.000000
12.400634
51.000000
1.045837
51.000000
19.358114
53.000000
1.980137
53.000000
10.313734
53.000000
141.212192
53.000000
12.295151
53.000000
1.035058
53.000000
19.846103
52.000000
2.005437
52.000000
9.776114
52.000000
151.621700
52.000000
12.296842
52.000000
1.030690
52.000000
19.745749
54.000000
2.005069
54.000000
10.463815
54.000000
193.560834
54.000000
12.358687
54.000000
1.039548
54.000000
19.317917
53.000000
1.988612
53.000000
9.786523
53.000000
144.990686
53.000000
12.339292
53.000000
1.027226
53.000000
19.442541
51.000000
2.040342
51.000000
10.150670
51.000000
145.686039
51.000000
12.340508
51.000000
1.034566
51.000000
19.693311
53.000000
2.013437
53.000000
9.936312
53.000000
156.738850
53.000000
12.601679
53.000000
1.017035
53.000000
19.648194
52.000000
2.025224
52.000000
10.426240
52.000000
145.451343
52.000000
12.245575
52.000000
1.038444
52.000000
19.618369
53.000000
2.033001
53.000000
10.225305
53.000000
196.113441
53.000000
12.479665
53.000000
1.039009
53.000000
19.952766
51.000000
2.026706
51.000000
9.831584
51.000000
151.296201
51.000000
12.631122
51.000000
1.042368
51.000000
19.611391
53.000000
2.049449
53.000000
9.221926
53.000000
155.310169
53.000000
11.773776
53.000000
1.040117
53.000000
19.467330
54.000000
2.057502
54.000000
9.727264
54.000000
155.457331
54.000000
12.327103
54.000000
1.043094
54.000000
19.648500
53.000000
2.077316
53.000000
10.864079
53.000000
202.266409
53.000000
12.343829
53.000000
1.036137
53.000000
19.637979
52.000000
2.021080
52.000000
9.734842
52.000000
148.845265
52.000000
12.257152
52.000000
1.029921
52.000000
19.541412
52.000000
2.015655
52.000000
9.666128
52.000000
143.904433
52.000000
12.262838
52.000000
1.036294
52.000000
19.627150
53.000000
1.983623
53.000000
10.102441
53.000000
143.966187
53.000000
12.303185
53.000000
1.028754
53.000000
19.338160
54.000000
2.016269
54.000000
10.026956
54.000000
149.078615
54.000000
11.790705
54.000000
1.033897
54.000000
19.516162
53.000000
2.011864
53.000000
11.115832
53.000000
194.884390
53.000000
12.481881
53.000000
1.029497
53.000000
19.573370
52.000000
2.011014
52.000000
9.844127
52.000000
145.077275
52.000000
12.394292
52.000000
1.025431
52.000000
19.558298
52.000000
2.056289
52.000000
10.343830
52.000000
154.720145
52.000000
12.244751
52.000000
1.026218
52.000000
19.735415
53.000000
2.036451
53.000000
10.146830
53.000000
155.960100
53.000000
12.090819
53.000000
1.033432
53.000000
19.564938
55.000000
1.989952
55.000000
9.503775
55.000000
145.729841
55.000000
12.215212
55.000000
1.045708
55.000000
19.542291
54.000000
2.016803
54.000000
10.097242
54.000000
199.088259
54.000000
12.399203
54.000000
1.035940
54.000000
19.605007
53.000000
2.014613
53.000000
10.061240
53.000000
154.604713
53.000000
12.415999
53.000000
1.039135
53.000000
19.330574
53.000000
1.987909
53.000000
10.035330
53.000000
145.656427
53.000000
12.297393
53.000000
1.036846
53.000000
19.430438
53.000000
2.039205
53.000000
10.680679
53.000000
146.703544
53.000000
12.453957
53.000000
1.031064
53.000000
19.690066
52.000000
2.009820
52.000000
10.246075
52.000000
146.507614
52.000000
12.215007
52.000000
1.037218
52.000000
19.551968
53.000000
2.023384
53.000000
10.160324
53.000000
204.829127
53.000000
12.442039
53.000000
1.044871
53.000000
19.485349
53.000000
2.050687
53.000000
10.229906
53.000000
142.106525
53.000000
12.187917
53.000000
1.038346
53.000000
19.422366
53.000000
2.013755
53.000000
10.537445
53.000000
143.628631
53.000000
12.200653
53.000000
1.028984
53.000000
19.360650
52.000000
2.041293
52.000000
9.762670
52.000000
150.484492
52.000000
12.407136
52.000000
1.041977
52.000000
19.370219
53.000000
2.037180
53.000000
9.997293
53.000000
153.716518
53.000000
64.295177
53.000000
1.043603
53.000000
19.384593
54.000000
2.007611
54.000000
9.297805
54.000000
147.013177
54.000000
12.325505
54.000000
1.033677
54.000000
19.544175
54.000000
2.015702
54.000000
9.781609
54.000000
145.412560
54.000000
12.156679
54.000000
1.036823
54.000000
19.377801
52.000000
2.015922
52.000000
10.375359
52.000000
156.964882
52.000000
12.418774
52.000000
1.032130
52.000000
19.502366
53.000000
2.081204
53.000000
9.667753
53.000000
155.628651
53.000000
12.291317
53.000000
1.036225
53.000000
19.767369
49.000000
2.007802
49.000000
9.970694
49.000000
188.140843
49.000000
12.403939
49.000000
1.031548
49.000000
19.631052
53.000000
2.015219
53.000000
9.685708
53.000000
149.211504
53.000000
12.255000
53.000000
1.038070
53.000000
19.394037
53.000000
2.037260
53.000000
10.349059
53.000000
150.034866
53.000000
11.192278
53.000000
1.036067
53.000000
19.746260
52.000000
2.047320
52.000000
10.731418
52.000000
147.614505
52.000000
12.381579
52.000000
1.024539
52.000000
19.559903
54.000000
2.015295
54.000000
10.698434
54.000000
154.437048
54.000000
12.212058
54.000000
1.066469
54.000000
19.553363
54.000000
2.006407
54.000000
10.034786
54.000000
202.433681
54.000000
12.291689
54.000000
1.033256
54.000000
19.481454
53.000000
2.032859
53.000000
9.452530
53.000000
152.050704
53.000000
11.948208
53.000000
1.036416
53.000000
19.495265
53.000000
1.991245
53.000000
9.918106
53.000000
154.593823
53.000000
12.210447
53.000000
1.030161
53.000000
19.771917
53.000000
2.039694
53.000000
10.206641
53.000000
150.787708
53.000000
11.515261
53.000000
1.033192
53.000000
19.472500
53.000000
2.037057
53.000000
10.230107
53.000000
146.251621
53.000000
12.404850
53.000000
1.028957
53.000000
67.577940
51.000000
2.041373
51.000000
9.757565
51.000000
146.808570
51.000000
12.404843
51.000000
1.050689
51.000000
19.659832
53.000000
2.069474
53.000000
9.913343
53.000000
141.975874
53.000000
12.204770
53.000000
1.062246
53.000000
19.541618
52.000000
2.011967
52.000000
10.577802
52.000000
151.191884
52.000000
12.385868
52.000000
1.039673
52.000000
19.643203
53.000000
2.020579
53.000000
9.983321
53.000000
149.924629
53.000000
12.053222
53.000000
1.040177
53.000000
19.740033
54.000000
1.989310
54.000000
10.059216
54.000000
188.863560
54.000000
12.410183
54.000000
1.035092
54.000000
19.496556
52.000000
2.020340
52.000000
10.042557
52.000000
142.003887
52.000000
12.336522
52.000000
1.025076
52.000000
19.437866
53.000000
1.993338
53.000000
10.246852
53.000000
146.873355
53.000000
12.252928
53.000000
1.046220
53.000000
19.347461
54.000000
2.007619
54.000000
9.908977
54.000000
145.634051
54.000000
12.359640
54.000000
1.033287
54.000000
19.784045
53.000000
2.011152
53.000000
9.826080
53.000000
149.817453
53.000000
12.423032
53.000000
1.037333
53.000000
19.693040
55.000000
2.019871
55.000000
10.104014
55.000000
202.412188
55.000000
12.470218
55.000000
1.031717
55.000000
19.607309
55.000000
2.025233
55.000000
10.699359
55.000000
145.518301
55.000000
12.499734
55.000000
1.041293
55.000000
19.600376
53.000000
2.029255
53.000000
9.724749
53.000000
154.163372
53.000000
12.491165
53.000000
1.024839
53.000000
19.925071
54.000000
2.024099
54.000000
10.691531
54.000000
143.733294
54.000000
12.382371
54.000000
1.031777
54.000000
19.532548
53.000000
2.012123
53.000000
9.798254
53.000000
151.131166
53.000000
12.437541
53.000000
1.027334
53.000000
19.394909
56.000000
2.103491
56.000000
10.013558
56.000000
211.365693
56.000000
12.300427
56.000000
1.031891
56.000000
19.520658
52.000000
2.038171
52.000000
10.386414
52.000000
145.740876
52.000000
12.172862
52.000000
1.027670
52.000000
19.695391
52.000000
2.004080
52.000000
8.880601
52.000000
144.822510
52.000000
12.439479
52.000000
1.027157
52.000000
19.561138
54.000000
2.007574
54.000000
10.401785
54.000000
155.394208
54.000000
12.031889
54.000000
1.041338
54.000000
19.660814
53.000000
2.023139
53.000000
10.290361
53.000000
150.615329
53.000000
12.268504
53.000000
1.031314
53.000000
67.740245
49.000000
1.996574
49.000000
9.846821
49.000000
149.074099
49.000000
12.304094
49.000000
1.042430
49.000000
20.205811
53.000000
2.036393
53.000000
9.881911
53.000000
146.489151
53.000000
12.180239
53.000000
1.028678
53.000000
19.486995
53.000000
2.026300
53.000000
9.954204
53.000000
152.817591
53.000000
11.879308
53.000000
1.030260
53.000000
19.507455
53.000000
2.049297
53.000000
9.575889
53.000000
158.454728
53.000000
12.145798
53.000000
1.043977
53.000000
19.675043
55.000000
2.023760
55.000000
9.693698
55.000000
192.221518
55.000000
11.995549
55.000000
1.046378
55.000000
19.419644
53.000000
2.069643
53.000000
10.126951
53.000000
153.357073
53.000000
12.617178
53.000000
1.034532
53.000000
19.390597
54.000000
2.002862
54.000000
9.937948
54.000000
154.022204
54.000000
12.256326
54.000000
1.042313
54.000000
19.636051
55.000000
1.999143
55.000000
10.142025
55.000000
151.062751
55.000000
12.382839
55.000000
1.032658
55.000000
19.517819
53.000000
2.028170
53.000000
9.637189
53.000000
153.938532
53.000000
12.105940
53.000000
1.026104
53.000000
19.521549
55.000000
2.025737
55.000000
10.166296
55.000000
203.464779
55.000000
12.455090
55.000000
1.040740
55.000000
19.462131
54.000000
2.017900
54.000000
9.991418
54.000000
151.056623
54.000000
12.298554
54.000000
1.037609
54.000000
19.641465
54.000000
2.023208
54.000000
10.561770
54.000000
153.617302
54.000000
12.531317
54.000000
1.031897
54.000000
19.715939
54.000000
2.056268
54.000000
10.574832
54.000000
142.160383
54.000000
12.319520
54.000000
1.026992
54.000000
19.635830
53.000000
1.983035
53.000000
9.943322
53.000000
146.276254
53.000000
12.332204
53.000000
1.040524
53.000000
19.609940
54.000000
2.014227
54.000000
9.626388
54.000000
200.181185
54.000000
12.298908
54.000000
1.030075
54.000000
19.666315
53.000000
2.032252
53.000000
10.078837
53.000000
143.759241
53.000000
12.302517
53.000000
1.034567
53.000000
19.560350
55.000000
2.012503
55.000000
9.384796
55.000000
154.013996
55.000000
12.306440
55.000000
1.038941
55.000000
19.598728
54.000000
2.005862
54.000000
10.094853
54.000000
149.962995
54.000000
12.330707
54.000000
1.030953
54.000000
19.768442
54.000000
2.000767
54.000000
9.790344
54.000000
207.101279
54.000000
12.324824
54.000000
1.031236
54.000000
19.769492
53.000000
2.031338
53.000000
9.586160
53.000000
152.715145
53.000000
12.367225
53.000000
1.042609
53.000000
19.539327
54.000000
2.018946
54.000000
9.783813
54.000000
154.733598
54.000000
12.385376
54.000000
1.036270
54.000000
19.631136
54.000000
2.005621
54.000000
10.167479
54.000000
148.026533
54.000000
12.423943
54.000000
1.036331
54.000000
19.800881
54.000000
2.004835
54.000000
10.144536
54.000000
153.078559
54.000000
12.277667
54.000000
1.029828
54.000000
19.651491
55.000000
2.046376
55.000000
9.637570
55.000000
184.533609
55.000000
12.370948
55.000000
1.045973
55.000000
19.450810
53.000000
2.068047
53.000000
9.450456
53.000000
155.397302
53.000000
12.284576
53.000000
1.040306
53.000000
19.661195
52.000000
2.031555
52.000000
10.167358
52.000000
150.347992
52.000000
12.238889
52.000000
1.046978
52.000000
19.879763
54.000000
2.019063
54.000000
9.977506
54.000000
152.243793
54.000000
12.507668
54.000000
1.027021
54.000000
19.540105
53.000000
2.011230
53.000000
10.066175
53.000000
146.864065
53.000000
12.351401
53.000000
1.029056
53.000000
19.696051
55.000000
1.989716
55.000000
9.523580
55.000000
201.674220
55.000000
12.350096
55.000000
1.028158
55.000000
19.483602
55.000000
2.029327
55.000000
9.795423
55.000000
149.343142
55.000000
12.222665
55.000000
1.036078
55.000000
19.519132
54.000000
2.004828
54.000000
10.092863
54.000000
156.247671
54.000000
12.448757
54.000000
1.034106
54.000000
19.483270
55.000000
2.023177
55.000000
10.695715
55.000000
149.718716
55.000000
12.278384
55.000000
1.039709
55.000000
19.625014
55.000000
2.001197
55.000000
9.624131
55.000000
154.021642
55.000000
12.243067
55.000000
1.028357
55.000000
71.817080
56.000000
2.015365
56.000000
10.422495
56.000000
151.942690
56.000000
12.288405
56.000000
1.035289
56.000000
19.476203
53.000000
2.011686
53.000000
10.462458
53.000000
145.373482
53.000000
12.485280
53.000000
1.022511
53.000000
19.625566
55.000000
2.019962
55.000000
10.723957
55.000000
150.818897
55.000000
12.479083
55.000000
1.026871
55.000000
19.624023
55.000000
2.033873
55.000000
10.074322
55.000000
152.748512
55.000000
12.413156
55.000000
1.034096
55.000000
19.625863
55.000000
2.003229
55.000000
9.098571
55.000000
203.780562
55.000000
12.283275
55.000000
1.035857
55.000000
19.381774
54.000000
2.005491
54.000000
9.351752
54.000000
145.826397
54.000000
12.472361
54.000000
1.039898
54.000000
19.507750
53.000000
2.015139
53.000000
9.573040
53.000000
148.072573
53.000000
12.386942
53.000000
1.030451
53.000000
19.581250
55.000000
2.029522
55.000000
9.829161
55.000000
152.809479
55.000000
12.108487
55.000000
1.026877
55.000000
19.706009
55.000000
2.011668
55.000000
9.831439
55.000000
137.277009
55.000000
12.200796
55.000000
1.024769
55.000000
19.636673
54.000000
2.026551
54.000000
9.984398
54.000000
203.809618
54.000000
12.165020
54.000000
1.038718
54.000000
19.652636
55.000000
1.995462
55.000000
10.352833
55.000000
143.048390
55.000000
12.366746
55.000000
1.044902
55.000000
19.694986
53.000000
2.010121
53.000000
9.706078
53.000000
148.770411
53.000000
12.460288
53.000000
1.035199
53.000000
19.563357
54.000000
2.023207
54.000000
10.172068
54.000000
151.231827
54.000000
12.329335
54.000000
1.037824
54.000000
19.698977
55.000000
2.014128
55.000000
10.149250
55.000000
149.777566
55.000000
12.351693
55.000000
1.035516
55.000000
19.696898
54.000000
2.088674
54.000000
9.631797
54.000000
200.656845
54.000000
12.282208
54.000000
1.040909
54.000000
19.491430
55.000000
2.003143
55.000000
9.913553
55.000000
148.378422
55.000000
12.259629
55.000000
1.034741
55.000000
19.589975
55.000000
2.038420
55.000000
9.891299
55.000000
147.184782
55.000000
12.378342
55.000000
1.029046
55.000000
19.461057
52.000000
2.099282
52.000000
10.632835
52.000000
145.039913
52.000000
12.375063
52.000000
1.036555
52.000000
19.712141
54.000000
1.982903
54.000000
9.848298
54.000000
150.390949
54.000000
12.304501
54.000000
1.034047
54.000000
67.746901
51.000000
2.046266
51.000000
9.619915
51.000000
146.500105
51.000000
12.284595
51.000000
1.032230
51.000000
19.874600
54.000000
2.058223
54.000000
9.768814
54.000000
157.364297
54.000000
12.405521
54.000000
1.040214
54.000000
19.499414
55.000000
2.065553
55.000000
10.215563
55.000000
148.989068
55.000000
11.634837
55.000000
1.038549
55.000000
19.447384
53.000000
2.037779
53.000000
9.993295
53.000000
156.167906
53.000000
12.278607
53.000000
1.030427
53.000000
19.769200
55.000000
1.999589
55.000000
10.473808
55.000000
195.368901
55.000000
12.369536
55.000000
1.028879
55.000000
19.650275
57.000000
2.072678
57.000000
10.141939
57.000000
147.006399
57.000000
12.303461
57.000000
1.029043
57.000000
19.591115
54.000000
1.988946
54.000000
9.664967
54.000000
152.114492
54.000000
12.449227
54.000000
1.037184
54.000000
19.719086
54.000000
2.006826
54.000000
10.202557
54.000000
147.306147
54.000000
12.384607
54.000000
1.026664
54.000000
19.469762
55.000000
1.987993
55.000000
9.957338
55.000000
146.420561
55.000000
12.346662
55.000000
1.032254
55.000000
19.536852
54.000000
2.033105
54.000000
10.134800
54.000000
191.208565
54.000000
12.326044
54.000000
1.060209
54.000000
19.507132
54.000000
2.011122
54.000000
10.318967
54.000000
148.428113
54.000000
12.476671
54.000000
1.032184
54.000000
19.916177
55.000000
1.985653
55.000000
9.307132
55.000000
150.232024
55.000000
12.353268
55.000000
1.033165
55.000000
19.541845
54.000000
2.042042
54.000000
9.950161
54.000000
140.393727
54.000000
12.312223
54.000000
1.032575
54.000000
19.638302
55.000000
1.995678
55.000000
10.150671
55.000000
147.554876
55.000000
12.423844
55.000000
1.033505
55.000000
19.707352
55.000000
2.018170
55.000000
9.882672
55.000000
195.449106
55.000000
12.285762
55.000000
1.028737
55.000000
19.595290
56.000000
2.023740
56.000000
9.121821
56.000000
151.585301
56.000000
12.411949
56.000000
1.032143
56.000000
19.670855
56.000000
2.011773
56.000000
10.593643
56.000000
149.704079
56.000000
12.353893
56.000000
1.030687
56.000000
19.633404
55.000000
2.006275
55.000000
10.159144
55.000000
145.971715
55.000000
12.396882
55.000000
1.028542
55.000000
19.457934
54.000000
2.011415
54.000000
9.862100
54.000000
154.970440
54.000000
12.215097
54.000000
1.032882
54.000000
67.601184
49.000000
1.976424
49.000000
9.311214
49.000000
154.330581
49.000000
12.266351
49.000000
1.031505
49.000000
20.033846
54.000000
2.024744
54.000000
10.104714
54.000000
147.805395
54.000000
12.372446
54.000000
1.037964
54.000000
19.730450
55.000000
2.065141
55.000000
10.810156
55.000000
150.536350
55.000000
12.300176
55.000000
1.034044
55.000000
19.611738
55.000000
2.010071
55.000000
9.707928
55.000000
148.120649
55.000000
12.343736
55.000000
1.037122
55.000000
19.504253
55.000000
1.992428
55.000000
9.596376
55.000000
199.997546
55.000000
12.209039
55.000000
1.048634
55.000000
19.465124
54.000000
2.023966
54.000000
9.193978
54.000000
136.169996
54.000000
12.165117
54.000000
1.035566
54.000000
19.540248
56.000000
2.031241
56.000000
9.733300
56.000000
146.250491
56.000000
12.284578
56.000000
1.033423
56.000000
19.682257
54.000000
2.007571
54.000000
8.724083
54.000000
149.725582
54.000000
12.306455
54.000000
1.032794
54.000000
19.754449
56.000000
2.084998
56.000000
9.576514
56.000000
149.655219
56.000000
12.419792
56.000000
1.034797
56.000000
19.417954
56.000000
2.015773
56.000000
10.116997
56.000000
212.079156
56.000000
12.421018
56.000000
1.037094
56.000000
19.534029
55.000000
1.995682
55.000000
9.625945
55.000000
153.384634
55.000000
12.441384
55.000000
1.033379
55.000000
19.299535
55.000000
1.989550
55.000000
10.590101
55.000000
144.432267
55.000000
12.360402
55.000000
1.026603
55.000000
19.440300
55.000000
2.052654
55.000000
9.553698
55.000000
147.758032
55.000000
12.387717
55.000000
1.035588
55.000000
19.511324
55.000000
1.999991
55.000000
9.552555
55.000000
158.128427
55.000000
12.168370
55.000000
1.046247
55.000000
19.703304
54.000000
2.044357
54.000000
10.311340
54.000000
188.550707
54.000000
11.745089
54.000000
1.037416
54.000000
19.549336
56.000000
2.010200
56.000000
10.414755
56.000000
156.378859
56.000000
12.102166
56.000000
1.029261
56.000000
19.671312
55.000000
2.017696
55.000000
9.880616
55.000000
149.914861
55.000000
12.273409
55.000000
1.041580
55.000000
19.577307
57.000000
2.008546
57.000000
9.901758
57.000000
144.889321
57.000000
12.426549
57.000000
1.024226
57.000000
19.391043
55.000000
1.979439
55.000000
9.880647
55.000000
136.822663
55.000000
12.328712
55.000000
1.040887
55.000000
19.522134
47.000000
2.023741
47.000000
9.886840
47.000000
151.178006
47.000000
12.577595
47.000000
1.039140
47.000000
19.483322
55.000000
1.999648
55.000000
10.008230
55.000000
145.581478
55.000000
12.266411
55.000000
1.037275
55.000000
19.709956
55.000000
2.007669
55.000000
9.753081
55.000000
152.637402
55.000000
12.180508
55.000000
1.035970
55.000000
19.541092
55.000000
2.021832
55.000000
10.359041
55.000000
147.634087
55.000000
12.390469
55.000000
1.029413
55.000000
19.571974
54.000000
2.059229
54.000000
10.316780
54.000000
198.386870
54.000000
12.371637
54.000000
1.041538
54.000000
19.583502
53.000000
2.013578
53.000000
10.220968
53.000000
149.751596
53.000000
12.322128
53.000000
1.035019
53.000000
19.719790
56.000000
2.031222
56.000000
10.660860
56.000000
150.318730
56.000000
12.371539
56.000000
1.031381
56.000000
19.464991
57.000000
2.012694
57.000000
10.153050
57.000000
147.004295
57.000000
12.522645
57.000000
1.045170
57.000000
19.560383
54.000000
2.034704
54.000000
10.658768
54.000000
147.398284
54.000000
12.352921
54.000000
1.032813
54.000000
19.497498
51.000000
2.105199
51.000000
9.950186
51.000000
189.435169
51.000000
12.557337
51.000000
1.043461
51.000000
19.294542
55.000000
2.047636
55.000000
9.030266
55.000000
150.354065
55.000000
12.573583
55.000000
1.031576
55.000000
19.478331
56.000000
2.047792
56.000000
9.949958
56.000000
154.285744
56.000000
12.266579
56.000000
1.032533
56.000000
19.362589
55.000000
1.996495
55.000000
10.050368
55.000000
149.372098
55.000000
12.511080
55.000000
1.028639
55.000000
19.379870
55.000000
2.046535
55.000000
10.029330
55.000000
142.937382
55.000000
12.338511
55.000000
1.045667
55.000000
19.671181
55.000000
1.991793
55.000000
9.899639
55.000000
201.957353
55.000000
11.611378
55.000000
1.030347
55.000000
19.587654
56.000000
2.012402
56.000000
10.562032
56.000000
152.014927
56.000000
12.181980
56.000000
1.034442
56.000000
19.772601
55.000000
2.048556
55.000000
10.066731
55.000000
150.317192
55.000000
12.500415
55.000000
1.037305
55.000000
19.470492
56.000000
2.005757
56.000000
11.015618
56.000000
152.261583
56.000000
12.498309
56.000000
1.033083
56.000000
19.744472
55.000000
2.063233
55.000000
10.483017
55.000000
151.533533
55.000000
60.523549
55.000000
1.034200
55.000000
19.588989
53.000000
2.097728
53.000000
9.780930
53.000000
152.889446
53.000000
12.347640
53.000000
1.040519
53.000000
19.764738
55.000000
2.099124
55.000000
10.144148
55.000000
153.724913
55.000000
12.497912
55.000000
1.034644
55.000000
19.384003
55.000000
2.058738
55.000000
10.099019
55.000000
154.367721
55.000000
12.204470
55.000000
1.031332
55.000000
19.563621
55.000000
1.998595
55.000000
10.112140
55.000000
143.050594
55.000000
12.511647
55.000000
1.027356
55.000000
19.572993
55.000000
2.025760
55.000000
10.033777
55.000000
195.756459
55.000000
12.543105
55.000000
1.029356
55.000000
19.711500
54.000000
2.031000
54.000000
9.494617
54.000000
154.987665
54.000000
12.146204
54.000000
1.031364
54.000000
19.528293
54.000000
2.044065
54.000000
10.001501
54.000000
135.272338
54.000000
12.233739
54.000000
1.027375
54.000000
19.544336
58.000000
1.999611
58.000000
9.436597
58.000000
148.503390
58.000000
12.304475
58.000000
1.035130
58.000000
19.583205
57.000000
1.985076
57.000000
9.890927
57.000000
155.191784
57.000000
12.322955
57.000000
1.041866
57.000000
19.581569
54.000000
2.009541
54.000000
10.298878
54.000000
199.413790
54.000000
12.549357
54.000000
1.038142
54.000000
19.572046
57.000000
2.019703
57.000000
9.897288
57.000000
139.477741
57.000000
12.375803
57.000000
1.033797
57.000000
19.549090
55.000000
2.043284
55.000000
10.220557
55.000000
153.050057
55.000000
12.159174
55.000000
1.038439
55.000000
19.713031
56.000000
1.962595
56.000000
10.339723
56.000000
149.218935
56.000000
12.369725
56.000000
1.035457
56.000000
19.456662
55.000000
1.976607
55.000000
10.234134
55.000000
153.942608
55.000000
12.462668
55.000000
1.038646
55.000000
19.709265
54.000000
1.997972
54.000000
59.430030
54.000000
160.882854
54.000000
12.359783
54.000000
1.029926
54.000000
19.698921
55.000000
1.981892
55.000000
10.203266
55.000000
156.753492
55.000000
12.262610
55.000000
1.030251
55.000000
19.470414
56.000000
2.007450
56.000000
10.084842
56.000000
148.976114
56.000000
12.401910
56.000000
1.045678
56.000000
19.306438
56.000000
2.033890
56.000000
9.727920
56.000000
148.067565
56.000000
12.252597
56.000000
1.028025
56.000000
19.490078
55.000000
2.006429
55.000000
10.128870
55.000000
195.057604
55.000000
12.374959
55.000000
1.035129
55.000000
19.481353
55.000000
2.062020
55.000000
9.394007
55.000000
148.872029
55.000000
12.275236
55.000000
1.027657
55.000000
20.273078
57.000000
2.054002
57.000000
9.896784
57.000000
152.324898
57.000000
12.308165
57.000000
1.044242
57.000000
19.759425
54.000000
2.021396
54.000000
9.374220
54.000000
150.159134
54.000000
12.324266
54.000000
1.028333
54.000000
19.676666
54.000000
2.082423
54.000000
9.836969
54.000000
152.438459
54.000000
12.430263
54.000000
1.031511
54.000000
19.797621
55.000000
2.044807
55.000000
10.298654
55.000000
200.154679
55.000000
12.376638
55.000000
1.031098
55.000000
19.624473
55.000000
2.057343
55.000000
10.194772
55.000000
150.555366
55.000000
12.403153
55.000000
1.037624
55.000000
19.519879
57.000000
2.042015
57.000000
10.324603
57.000000
141.700961
57.000000
12.438415
57.000000
1.037156
57.000000
19.586757
54.000000
2.003289
54.000000
9.827336
54.000000
148.998763
54.000000
12.198187
54.000000
1.035839
54.000000
19.568970
55.000000
1.992617
55.000000
9.760764
55.000000
150.819710
55.000000
12.407448
55.000000
1.030081
55.000000
19.749559
58.000000
1.990743
58.000000
9.692489
58.000000
194.743321
58.000000
12.381033
58.000000
1.032895
58.000000
19.786446
54.000000
2.031469
54.000000
9.475235
54.000000
153.629520
54.000000
12.323194
54.000000
1.047890
54.000000
19.273323
55.000000
2.069455
55.000000
9.854256
55.000000
153.461267
55.000000
12.306596
55.000000
1.032561
55.000000
19.484543
55.000000
2.059792
55.000000
10.347303
55.000000
147.959816
55.000000
12.398454
55.000000
1.026280
55.000000
19.304254
55.000000
2.017048
55.000000
9.675873
55.000000
149.630025
55.000000
12.462986
55.000000
1.043418
55.000000
67.864602
51.000000
2.060616
51.000000
9.403308
51.000000
149.872963
51.000000
12.365505
51.000000
1.039284
51.000000
19.616283
55.000000
2.011047
55.000000
9.624426
55.000000
164.236216
55.000000
12.342680
55.000000
1.036194
55.000000
19.778124
54.000000
2.003714
54.000000
10.176082
54.000000
146.903496
54.000000
12.540838
54.000000
1.040656
54.000000
19.550897
55.000000
1.971418
55.000000
10.225497
55.000000
156.970532
55.000000
12.229903
55.000000
1.033983
55.000000
