51.000000
48326500.000000
53.000000
48326664.000000
54.000000
48326828.000000
55.000000
48326992.000000
56.000000
48327156.000000
56.000000
48327320.000000
57.000000
48327472.000000
56.000000
48327632.000000
57.000000
48327788.000000
58.000000
48327940.000000
57.000000
48328160.000000
58.000000
48328316.000000
58.000000
48328464.000000
59.000000
48328616.000000
59.000000
48328780.000000
58.000000
48328940.000000
57.000000
48329144.000000
59.000000
48329308.000000
60.000000
48329464.000000
59.000000
48329628.000000
59.000000
48329788.000000
59.000000
48329956.000000
58.000000
48330172.000000
59.000000
48330332.000000
60.000000
48330488.000000
63.000000
48330652.000000
60.000000
48330812.000000
59.000000
48330968.000000
59.000000
48331184.000000
59.000000
48331356.000000
60.000000
48331516.000000
60.000000
48331684.000000
60.000000
48331844.000000
59.000000
48332000.000000
60.000000
48332208.000000
59.000000
48332360.000000
59.000000
48332524.000000
62.000000
48332688.000000
60.000000
48332848.000000
60.000000
48333012.000000
60.000000
48333216.000000
61.000000
48333372.000000
61.000000
48333536.000000
62.000000
48333696.000000
61.000000
48333864.000000
61.000000
48334020.000000
60.000000
48334228.000000
61.000000
48334388.000000
60.000000
48334544.000000
62.000000
48334696.000000
61.000000
48334856.000000
61.000000
48335020.000000
60.000000
48335244.000000
61.000000
48335384.000000
61.000000
48335548.000000
62.000000
48335708.000000
61.000000
48335864.000000
63.000000
48336020.000000
63.000000
48336224.000000
63.000000
48336388.000000
64.000000
48336544.000000
62.000000
48336712.000000
62.000000
48336872.000000
62.000000
48337024.000000
63.000000
48337240.000000
63.000000
48337400.000000
63.000000
48337564.000000
62.000000
48337712.000000
64.000000
48337876.000000
64.000000
48338036.000000
62.000000
48338252.000000
62.000000
48338408.000000
62.000000
48338576.000000
63.000000
48338732.000000
63.000000
48338900.000000
62.000000
48339068.000000
63.000000
48339280.000000
63.000000
48339444.000000
64.000000
48339604.000000
63.000000
48339764.000000
63.000000
48339928.000000
62.000000
48340148.000000
63.000000
48340304.000000
64.000000
48340464.000000
64.000000
48340612.000000
64.000000
48340776.000000
64.000000
48340936.000000
62.000000
48341152.000000
64.000000
48341296.000000
63.000000
48341456.000000
64.000000
48341616.000000
65.000000
48341784.000000
64.000000
48341944.000000
63.000000
48342164.000000
63.000000
48342328.000000
64.000000
48342488.000000
64.000000
48342656.000000
65.000000
48342812.000000
65.000000
48342968.000000
63.000000
48343184.000000
64.000000
48343352.000000
66.000000
48343504.000000
65.000000
48343664.000000
65.000000
48343832.000000
64.000000
48343996.000000
63.000000
48344208.000000
64.000000
48344368.000000
65.000000
48344528.000000
66.000000
48344692.000000
65.000000
48344848.000000
65.000000
48345012.000000
64.000000
48345208.000000
68.000000
48345376.000000
65.000000
48345540.000000
66.000000
48345704.000000
65.000000
48345872.000000
65.000000
48346032.000000
65.000000
48346236.000000
65.000000
48346392.000000
65.000000
48346552.000000
66.000000
48346716.000000
66.000000
48346880.000000
65.000000
48347044.000000
65.000000
48347264.000000
65.000000
48347420.000000
65.000000
48347588.000000
66.000000
48347744.000000
67.000000
48347920.000000
61.000000
48348132.000000
66.000000
48348292.000000
66.000000
48348452.000000
67.000000
48348612.000000
66.000000
48348768.000000
67.000000
48348928.000000
64.000000
48349144.000000
65.000000
48349308.000000
66.000000
48349468.000000
67.000000
48349624.000000
69.000000
48349792.000000
66.000000
48349956.000000
65.000000
48350172.000000
67.000000
48350324.000000
66.000000
48350480.000000
68.000000
48350640.000000
67.000000
48350804.000000
67.000000
48350968.000000
65.000000
48351176.000000
66.000000
48351328.000000
67.000000
48351488.000000
66.000000
48351648.000000
67.000000
48351812.000000
67.000000
48351972.000000
66.000000
48352172.000000
67.000000
48352336.000000
66.000000
48352492.000000
67.000000
48352652.000000
68.000000
48352816.000000
67.000000
48352984.000000
66.000000
48353200.000000
66.000000
48353364.000000
67.000000
48353528.000000
70.000000
48353684.000000
67.000000
48353852.000000
68.000000
48354000.000000
67.000000
48354208.000000
68.000000
48354372.000000
69.000000
48354540.000000
68.000000
48354704.000000
68.000000
48354864.000000
68.000000
48355020.000000
67.000000
48355228.000000
68.000000
48355392.000000
68.000000
48355556.000000
70.000000
48355716.000000
70.000000
48355884.000000
69.000000
48356048.000000
68.000000
48356260.000000
68.000000
48356416.000000
68.000000
48356572.000000
69.000000
48356732.000000
69.000000
48356900.000000
69.000000
48357056.000000
68.000000
48357268.000000
68.000000
48357432.000000
68.000000
48357588.000000
69.000000
48357744.000000
71.000000
48357908.000000
62.000000
48358128.000000
68.000000
48358284.000000
68.000000
48358448.000000
69.000000
48358608.000000
68.000000
48358764.000000
70.000000
48358932.000000
66.000000
48359144.000000
69.000000
48359296.000000
70.000000
48359460.000000
69.000000
48359612.000000
70.000000
48359776.000000
69.000000
48359936.000000
66.000000
48360148.000000
68.000000
48360316.000000
68.000000
48360484.000000
69.000000
48360640.000000
70.000000
48360804.000000
70.000000
48360964.000000
68.000000
48361168.000000
69.000000
48361332.000000
68.000000
48361496.000000
70.000000
48361656.000000
69.000000
48361808.000000
69.000000
48361968.000000
68.000000
48362176.000000
69.000000
48362328.000000
69.000000
48362484.000000
70.000000
48362644.000000
71.000000
48362808.000000
69.000000
48362972.000000
68.000000
48363180.000000
69.000000
48363340.000000
70.000000
48363500.000000
69.000000
48363660.000000
72.000000
48363820.000000
69.000000
48363984.000000
69.000000
48364188.000000
69.000000
48364348.000000
70.000000
48364508.000000
70.000000
48364668.000000
70.000000
48364832.000000
70.000000
48364988.000000
69.000000
48365204.000000
70.000000
48365368.000000
70.000000
48365536.000000
70.000000
48365688.000000
72.000000
48365840.000000
70.000000
48365996.000000
69.000000
48366204.000000
72.000000
48366368.000000
70.000000
48366532.000000
71.000000
48366700.000000
71.000000
48366860.000000
71.000000
48367012.000000
70.000000
48367224.000000
73.000000
48367380.000000
70.000000
48367548.000000
71.000000
48367712.000000
72.000000
48367872.000000
71.000000
48368036.000000
69.000000
48368252.000000
69.000000
48368416.000000
71.000000
48368564.000000
71.000000
48368732.000000
73.000000
48368888.000000
71.000000
48369048.000000
71.000000
48369252.000000
72.000000
48369420.000000
71.000000
48369576.000000
72.000000
48369740.000000
72.000000
48369904.000000
72.000000
48370064.000000
71.000000
48370284.000000
71.000000
48370436.000000
72.000000
48370596.000000
71.000000
48370760.000000
72.000000
48370920.000000
62.000000
48371120.000000
70.000000
48371284.000000
72.000000
48371452.000000
73.000000
48371608.000000
72.000000
48371772.000000
72.000000
48371932.000000
68.000000
48372140.000000
72.000000
48372308.000000
72.000000
48372460.000000
72.000000
48372628.000000
72.000000
48372792.000000
72.000000
48372948.000000
70.000000
48373152.000000
72.000000
48373316.000000
72.000000
48373472.000000
72.000000
48373628.000000
73.000000
48373792.000000
72.000000
48373960.000000
71.000000
48374172.000000
72.000000
48374328.000000
72.000000
48374492.000000
72.000000
48374652.000000
73.000000
48374812.000000
72.000000
48374968.000000
71.000000
48375180.000000
72.000000
48375344.000000
72.000000
48375504.000000
72.000000
48375664.000000
73.000000
48375824.000000
74.000000
48375988.000000
72.000000
48376196.000000
72.000000
48376360.000000
72.000000
48376516.000000
73.000000
48376676.000000
73.000000
48376840.000000
73.000000
48376996.000000
72.000000
48377212.000000
73.000000
48377380.000000
72.000000
48377536.000000
73.000000
48377696.000000
73.000000
48377852.000000
73.000000
48378012.000000
72.000000
48378212.000000
76.000000
48378376.000000
73.000000
48378540.000000
74.000000
48378700.000000
72.000000
48378852.000000
73.000000
48379012.000000
72.000000
48379220.000000
73.000000
48379376.000000
73.000000
48379548.000000
75.000000
48379704.000000
74.000000
48379868.000000
73.000000
48380020.000000
75.000000
48380220.000000
73.000000
48380372.000000
74.000000
48380540.000000
76.000000
48380704.000000
73.000000
48380860.000000
74.000000
48381024.000000
72.000000
48381228.000000
75.000000
48381384.000000
75.000000
48381544.000000
74.000000
48381708.000000
74.000000
48381864.000000
77.000000
48382024.000000
73.000000
48382240.000000
72.000000
48382404.000000
73.000000
48382564.000000
74.000000
48382728.000000
73.000000
48382876.000000
78.000000
48383040.000000
74.000000
48383260.000000
74.000000
48383424.000000
73.000000
48383584.000000
74.000000
48383732.000000
76.000000
48383896.000000
76.000000
48384056.000000
72.000000
48384264.000000
74.000000
48384424.000000
74.000000
48384580.000000
74.000000
48384740.000000
75.000000
48384900.000000
75.000000
48385056.000000
73.000000
48385264.000000
76.000000
48385432.000000
74.000000
48385584.000000
76.000000
48385744.000000
76.000000
48385908.000000
76.000000
48386052.000000
74.000000
48386272.000000
75.000000
48386432.000000
74.000000
48386596.000000
76.000000
48386752.000000
75.000000
48386912.000000
61.000000
48387072.000000
74.000000
48387276.000000
74.000000
48387432.000000
75.000000
48387592.000000
75.000000
48387756.000000
74.000000
48387920.000000
69.000000
48388128.000000
74.000000
48388292.000000
75.000000
48388456.000000
74.000000
48388620.000000
75.000000
48388780.000000
75.000000
48388944.000000
73.000000
48389160.000000
75.000000
48389328.000000
75.000000
48389492.000000
74.000000
48389652.000000
75.000000
48389820.000000
76.000000
48389980.000000
74.000000
48390188.000000
75.000000
48390352.000000
75.000000
48390512.000000
76.000000
48390668.000000
76.000000
48390836.000000
76.000000
48391004.000000
76.000000
48391212.000000
75.000000
48391380.000000
76.000000
48391544.000000
77.000000
48391704.000000
75.000000
48391856.000000
75.000000
48392016.000000
75.000000
48392228.000000
75.000000
48392396.000000
76.000000
48392560.000000
76.000000
48392716.000000
76.000000
48392884.000000
78.000000
48393048.000000
75.000000
48393260.000000
76.000000
48393424.000000
75.000000
48393584.000000
76.000000
48393748.000000
78.000000
48393912.000000
67.000000
48394124.000000
74.000000
48394284.000000
76.000000
48394440.000000
76.000000
48394608.000000
76.000000
48394760.000000
75.000000
48394920.000000
72.000000
48395132.000000
76.000000
48395292.000000
76.000000
48395456.000000
76.000000
48395616.000000
75.000000
48395784.000000
76.000000
48395944.000000
74.000000
48396152.000000
75.000000
48396320.000000
77.000000
48396476.000000
76.000000
48396632.000000
76.000000
48396792.000000
76.000000
48396948.000000
74.000000
48397164.000000
76.000000
48397320.000000
75.000000
48397484.000000
75.000000
48397640.000000
79.000000
48397800.000000
76.000000
48397968.000000
74.000000
48398172.000000
76.000000
48398332.000000
76.000000
48398492.000000
77.000000
48398660.000000
76.000000
48398812.000000
76.000000
48398976.000000
75.000000
48399184.000000
76.000000
48399348.000000
77.000000
48399512.000000
77.000000
48399672.000000
76.000000
48399840.000000
76.000000
48400004.000000
76.000000
48400208.000000
77.000000
48400364.000000
76.000000
48400524.000000
76.000000
48400684.000000
77.000000
48400844.000000
76.000000
48401000.000000
76.000000
48401216.000000
76.000000
48401376.000000
76.000000
48401544.000000
77.000000
48401708.000000
77.000000
48401868.000000
76.000000
48402032.000000
76.000000
48402248.000000
77.000000
48402408.000000
77.000000
48402564.000000
77.000000
48402728.000000
76.000000
48402884.000000
78.000000
48403048.000000
76.000000
48403260.000000
78.000000
48403416.000000
77.000000
48403580.000000
78.000000
48403740.000000
78.000000
48403904.000000
78.000000
48404068.000000
77.000000
48404280.000000
77.000000
48404448.000000
76.000000
48404604.000000
76.000000
48404772.000000
77.000000
48404932.000000
75.000000
48405140.000000
77.000000
48405300.000000
77.000000
48405460.000000
77.000000
48405620.000000
78.000000
48405780.000000
77.000000
48405940.000000
74.000000
48406152.000000
76.000000
48406316.000000
77.000000
48406472.000000
76.000000
48406644.000000
78.000000
48406808.000000
76.000000
48406968.000000
76.000000
48407180.000000
76.000000
48407324.000000
79.000000
48407476.000000
78.000000
48407632.000000
77.000000
48407792.000000
77.000000
48407956.000000
76.000000
48408160.000000
78.000000
48408324.000000
78.000000
48408488.000000
78.000000
48408652.000000
78.000000
48408812.000000
78.000000
48408972.000000
76.000000
48409180.000000
77.000000
48409344.000000
77.000000
48409512.000000
78.000000
48409672.000000
78.000000
48409836.000000
78.000000
48410000.000000
77.000000
48410208.000000
77.000000
48410368.000000
77.000000
48410528.000000
77.000000
48410692.000000
78.000000
48410848.000000
77.000000
48411008.000000
77.000000
48411216.000000
79.000000
48411380.000000
78.000000
48411536.000000
78.000000
48411696.000000
80.000000
48411864.000000
78.000000
48412032.000000
78.000000
48412240.000000
78.000000
48412388.000000
79.000000
48412552.000000
78.000000
48412716.000000
78.000000
48412884.000000
80.000000
48413044.000000
78.000000
48413252.000000
80.000000
48413416.000000
78.000000
48413576.000000
79.000000
48413740.000000
78.000000
48413896.000000
78.000000
48414056.000000
77.000000
48414264.000000
80.000000
48414428.000000
78.000000
48414596.000000
79.000000
48414752.000000
78.000000
48414904.000000
80.000000
48415060.000000
78.000000
48415276.000000
80.000000
48415444.000000
80.000000
48415592.000000
79.000000
48415756.000000
79.000000
48415920.000000
72.000000
48416128.000000
78.000000
48416284.000000
78.000000
48416444.000000
79.000000
48416604.000000
78.000000
48416764.000000
80.000000
48416928.000000
75.000000
48417136.000000
78.000000
48417296.000000
79.000000
48417452.000000
80.000000
48417620.000000
78.000000
48417784.000000
79.000000
48417952.000000
78.000000
48418164.000000
79.000000
48418328.000000
79.000000
48418496.000000
79.000000
48418648.000000
79.000000
48418808.000000
79.000000
48418964.000000
76.000000
48419172.000000
78.000000
48419336.000000
80.000000
48419496.000000
79.000000
48419660.000000
80.000000
48419820.000000
79.000000
48419980.000000
78.000000
48420184.000000
78.000000
48420336.000000
80.000000
48420496.000000
79.000000
48420660.000000
80.000000
48420820.000000
80.000000
48420980.000000
77.000000
48421192.000000
78.000000
48421352.000000
80.000000
48421512.000000
79.000000
48421676.000000
80.000000
48421836.000000
81.000000
48422000.000000
79.000000
48422204.000000
79.000000
48422372.000000
80.000000
48422524.000000
79.000000
48422672.000000
80.000000
48422836.000000
80.000000
48422996.000000
78.000000
48423212.000000
78.000000
48423368.000000
80.000000
48423532.000000
80.000000
48423692.000000
80.000000
48423840.000000
79.000000
48424008.000000
80.000000
48424220.000000
79.000000
48424384.000000
79.000000
48424540.000000
80.000000
48424704.000000
80.000000
48424872.000000
80.000000
48425040.000000
79.000000
48425256.000000
79.000000
48425412.000000
80.000000
48425572.000000
80.000000
48425732.000000
80.000000
48425896.000000
82.000000
48426060.000000
78.000000
48426268.000000
79.000000
48426424.000000
80.000000
48426588.000000
80.000000
48426740.000000
80.000000
48426904.000000
80.000000
48427060.000000
79.000000
48427272.000000
79.000000
48427428.000000
79.000000
48427592.000000
80.000000
48427756.000000
79.000000
48427916.000000
74.000000
48428132.000000
78.000000
48428292.000000
79.000000
48428448.000000
79.000000
48428608.000000
80.000000
48428768.000000
79.000000
48428928.000000
73.000000
48429128.000000
78.000000
48429288.000000
80.000000
48429452.000000
78.000000
48429612.000000
78.000000
48429776.000000
78.000000
48429932.000000
76.000000
48430148.000000
78.000000
48430308.000000
78.000000
48430468.000000
79.000000
48430620.000000
78.000000
48430780.000000
78.000000
48430948.000000
77.000000
48431164.000000
78.000000
48431328.000000
78.000000
48431480.000000
80.000000
48431640.000000
79.000000
48431804.000000
78.000000
48431968.000000
78.000000
48432192.000000
78.000000
48432348.000000
78.000000
48432512.000000
78.000000
48432668.000000
79.000000
48432828.000000
78.000000
48432996.000000
77.000000
48433212.000000
78.000000
48433376.000000
79.000000
48433540.000000
78.000000
48433704.000000
78.000000
48433868.000000
78.000000
48434036.000000
78.000000
48434248.000000
78.000000
48434412.000000
79.000000
48434572.000000
80.000000
48434732.000000
78.000000
48434892.000000
79.000000
48435056.000000
78.000000
48435264.000000
79.000000
48435432.000000
79.000000
48435592.000000
79.000000
48435756.000000
78.000000
48435920.000000
76.000000
48436136.000000
78.000000
48436288.000000
78.000000
48436456.000000
80.000000
48436608.000000
79.000000
48436776.000000
78.000000
48436944.000000
78.000000
48437156.000000
78.000000
48437316.000000
78.000000
48437476.000000
79.000000
48437632.000000
78.000000
48437788.000000
78.000000
48437948.000000
77.000000
48438160.000000
78.000000
48438328.000000
79.000000
48438480.000000
79.000000
48438644.000000
78.000000
48438804.000000
78.000000
48438968.000000
77.000000
48439172.000000
78.000000
48439340.000000
79.000000
48439504.000000
78.000000
48439660.000000
78.000000
48439820.000000
79.000000
48439976.000000
78.000000
48440168.000000
79.000000
48440328.000000
78.000000
48440492.000000
79.000000
48440652.000000
79.000000
48440812.000000
79.000000
48440976.000000
78.000000
48441188.000000
78.000000
48441352.000000
80.000000
48441512.000000
80.000000
48441668.000000
79.000000
48441824.000000
78.000000
48441980.000000
79.000000
48442188.000000
79.000000
48442348.000000
79.000000
48442508.000000
80.000000
48442668.000000
80.000000
48442832.000000
78.000000
48443000.000000
78.000000
48443212.000000
79.000000
48443376.000000
80.000000
48443536.000000
80.000000
48443700.000000
80.000000
48443864.000000
78.000000
48444028.000000
78.000000
48444228.000000
79.000000
48444388.000000
80.000000
48444556.000000
80.000000
48444712.000000
80.000000
48444868.000000
79.000000
48445036.000000
78.000000
48445248.000000
80.000000
48445416.000000
79.000000
48445584.000000
80.000000
48445744.000000
80.000000
48445908.000000
65.000000
48446120.000000
79.000000
48446276.000000
79.000000
48446440.000000
80.000000
48446600.000000
80.000000
48446752.000000
79.000000
48446916.000000
75.000000
48447136.000000
80.000000
48447284.000000
79.000000
48447448.000000
80.000000
48447608.000000
80.000000
48447772.000000
79.000000
48447932.000000
77.000000
48448144.000000
80.000000
48448300.000000
80.000000
48448464.000000
79.000000
48448616.000000
79.000000
48448788.000000
78.000000
48448948.000000
77.000000
48449168.000000
79.000000
48449320.000000
80.000000
48449484.000000
80.000000
48449640.000000
79.000000
48449804.000000
80.000000
48449960.000000
79.000000
48450172.000000
79.000000
48450348.000000
80.000000
48450508.000000
80.000000
48450672.000000
80.000000
48450836.000000
80.000000
48450988.000000
78.000000
48451204.000000
79.000000
48451364.000000
80.000000
48451528.000000
80.000000
48451688.000000
80.000000
48451848.000000
79.000000
48452012.000000
79.000000
48452224.000000
79.000000
48452380.000000
79.000000
48452540.000000
80.000000
48452704.000000
78.000000
48452864.000000
79.000000
48453032.000000
80.000000
48453244.000000
79.000000
48453400.000000
80.000000
48453564.000000
79.000000
48453732.000000
80.000000
48453900.000000
66.000000
48454072.000000
79.000000
48454276.000000
79.000000
48454440.000000
80.000000
48454608.000000
80.000000
48454776.000000
80.000000
48454940.000000
78.000000
48455144.000000
79.000000
48455312.000000
79.000000
48455480.000000
79.000000
48455636.000000
80.000000
48455784.000000
79.000000
48455956.000000
79.000000
48456172.000000
80.000000
48456336.000000
80.000000
48456496.000000
80.000000
48456656.000000
80.000000
48456808.000000
79.000000
48456960.000000
78.000000
48457172.000000
80.000000
48457332.000000
80.000000
48457496.000000
80.000000
48457648.000000
79.000000
48457816.000000
79.000000
48457984.000000
79.000000
48458204.000000
79.000000
48458368.000000
80.000000
48458532.000000
80.000000
48458708.000000
80.000000
48458872.000000
78.000000
48459032.000000
80.000000
48459248.000000
80.000000
48459412.000000
80.000000
48459576.000000
80.000000
48459736.000000
79.000000
48459904.000000
72.000000
48460124.000000
80.000000
48460288.000000
80.000000
48460448.000000
79.000000
48460608.000000
80.000000
48460772.000000
80.000000
48460932.000000
78.000000
48461148.000000
80.000000
48461316.000000
80.000000
48461476.000000
80.000000
48461640.000000
80.000000
48461804.000000
80.000000
48461956.000000
79.000000
48462172.000000
80.000000
48462336.000000
80.000000
48462500.000000
80.000000
48462656.000000
80.000000
48462820.000000
80.000000
48462984.000000
80.000000
48463204.000000
80.000000
48463364.000000
80.000000
48463532.000000
80.000000
48463696.000000
80.000000
48463860.000000
79.000000
48464028.000000
79.000000
48464244.000000
80.000000
48464400.000000
80.000000
48464556.000000
80.000000
48464716.000000
80.000000
48464880.000000
79.000000
48465056.000000
79.000000
48465272.000000
79.000000
48465440.000000
80.000000
48465604.000000
80.000000
48465760.000000
80.000000
48465916.000000
78.000000
48466140.000000
80.000000
48466304.000000
80.000000
48466460.000000
80.000000
48466628.000000
79.000000
48466784.000000
80.000000
48466952.000000
78.000000
48467160.000000
80.000000
48467320.000000
80.000000
48467472.000000
80.000000
48467632.000000
80.000000
48467796.000000
80.000000
48467964.000000
78.000000
48468180.000000
80.000000
48468348.000000
80.000000
48468512.000000
80.000000
48468680.000000
80.000000
48468836.000000
80.000000
48469000.000000
79.000000
48469208.000000
80.000000
48469368.000000
80.000000
48469532.000000
80.000000
48469692.000000
80.000000
48469852.000000
80.000000
48470016.000000
79.000000
48470224.000000
80.000000
48470384.000000
80.000000
48470544.000000
80.000000
48470700.000000
80.000000
48470852.000000
80.000000
48471024.000000
80.000000
48471240.000000
80.000000
48471404.000000
80.000000
48471572.000000
80.000000
48471732.000000
80.000000
48471892.000000
66.000000
48472068.000000
80.000000
48472284.000000
80.000000
48472448.000000
80.000000
48472600.000000
80.000000
48472760.000000
79.000000
48472924.000000
77.000000
48473136.000000
80.000000
48473296.000000
80.000000
48473464.000000
80.000000
48473620.000000
80.000000
48473784.000000
79.000000
48473952.000000
80.000000
48474176.000000
80.000000
48474340.000000
80.000000
48474496.000000
80.000000
48474656.000000
80.000000
48474824.000000
80.000000
48474988.000000
80.000000
48475204.000000
80.000000
48475368.000000
80.000000
48475536.000000
81.000000
48475696.000000
80.000000
48475860.000000
80.000000
48476036.000000
80.000000
48476252.000000
80.000000
48476420.000000
80.000000
48476584.000000
80.000000
48476748.000000
80.000000
48476904.000000
72.000000
48477124.000000
80.000000
48477284.000000
80.000000
48477448.000000
81.000000
48477612.000000
80.000000
48477776.000000
80.000000
48477952.000000
80.000000
48478164.000000
80.000000
48478324.000000
80.000000
48478488.000000
80.000000
48478652.000000
80.000000
48478812.000000
80.000000
48478968.000000
80.000000
48479184.000000
80.000000
48479340.000000
80.000000
48479496.000000
81.000000
48479660.000000
80.000000
48479824.000000
80.000000
48479988.000000
79.000000
48480208.000000
80.000000
48480360.000000
80.000000
48480528.000000
80.000000
48480684.000000
80.000000
48480848.000000
80.000000
48481016.000000
79.000000
48481236.000000
81.000000
48481404.000000
81.000000
48481556.000000
80.000000
48481720.000000
80.000000
48481880.000000
80.000000
48482048.000000
80.000000
48482248.000000
80.000000
48482404.000000
80.000000
48482564.000000
80.000000
48482728.000000
80.000000
48482892.000000
80.000000
48483052.000000
81.000000
48483260.000000
81.000000
48483424.000000
81.000000
48483580.000000
80.000000
48483748.000000
80.000000
48483908.000000
77.000000
48484132.000000
81.000000
48484292.000000
80.000000
48484452.000000
81.000000
48484620.000000
80.000000
48484784.000000
79.000000
48484960.000000
79.000000
48485168.000000
80.000000
48485324.000000
81.000000
48485488.000000
80.000000
48485644.000000
81.000000
48485812.000000
80.000000
48485980.000000
79.000000
48486188.000000
81.000000
48486352.000000
80.000000
48486512.000000
80.000000
48486680.000000
80.000000
48486832.000000
80.000000
48487000.000000
80.000000
48487208.000000
80.000000
48487368.000000
80.000000
48487528.000000
80.000000
48487692.000000
80.000000
48487848.000000
80.000000
48488008.000000
79.000000
48488216.000000
80.000000
48488380.000000
80.000000
48488540.000000
80.000000
48488708.000000
80.000000
48488864.000000
80.000000
48489024.000000
80.000000
48489240.000000
80.000000
48489408.000000
80.000000
48489564.000000
80.000000
48489728.000000
81.000000
48489892.000000
80.000000
48490052.000000
80.000000
48490252.000000
80.000000
48490404.000000
80.000000
48490564.000000
81.000000
48490732.000000
80.000000
48490888.000000
69.000000
48491120.000000
80.000000
48491272.000000
80.000000
48491424.000000
80.000000
48491584.000000
80.000000
48491740.000000
80.000000
48491904.000000
80.000000
48492068.000000
80.000000
48492276.000000
80.000000
48492440.000000
80.000000
48492604.000000
81.000000
48492764.000000
80.000000
48492928.000000
79.000000
48493148.000000
80.000000
48493304.000000
80.000000
48493460.000000
81.000000
48493620.000000
81.000000
48493784.000000
80.000000
48493952.000000
80.000000
48494164.000000
81.000000
48494312.000000
81.000000
48494472.000000
80.000000
48494628.000000
80.000000
48494788.000000
80.000000
48494948.000000
79.000000
48495164.000000
80.000000
48495324.000000
80.000000
48495488.000000
79.000000
48495656.000000
79.000000
48495816.000000
78.000000
48495980.000000
